178.76	-0.001
178.98	-0.001
179.19	-0.001
179.40	-0.000
179.62	0.000
179.83	-0.000
180.04	0.001
180.26	0.000
180.47	0.002
180.69	0.001
180.90	0.000
181.11	0.000
181.33	0.001
181.54	-0.000
181.75	0.003
181.97	-0.001
182.18	0.001
182.39	0.001
182.61	0.001
182.82	0.001
183.03	0.001
183.25	0.001
183.46	0.001
183.68	0.001
183.89	0.001
184.10	0.001
184.32	0.001
184.53	0.001
184.74	0.001
184.96	0.001
185.17	0.001
185.38	0.005
185.60	0.001
185.81	0.002
186.02	0.001
186.24	0.001
186.45	0.001
186.66	0.002
186.88	0.002
187.09	0.001
187.30	0.002
187.52	0.002
187.73	0.001
187.94	0.001
188.16	0.002
188.37	0.002
188.58	0.008
188.80	0.002
189.01	0.001
189.22	0.001
189.44	0.003
189.65	0.002
189.86	0.002
190.08	0.003
190.29	0.004
190.50	0.004
190.72	0.004
190.93	0.002
191.14	0.002
191.36	0.004
191.57	0.003
191.78	0.002
192.00	0.002
192.21	0.002
192.42	0.002
192.64	0.003
192.85	0.002
193.06	0.002
193.28	0.003
193.49	0.002
193.70	0.004
193.91	0.001
194.13	0.003
194.34	0.002
194.55	0.003
194.77	0.005
194.98	0.004
195.19	0.003
195.41	0.005
195.62	0.002
195.83	0.003
196.05	0.004
196.26	0.002
196.47	0.003
196.68	0.003
196.90	0.002
197.11	0.009
197.32	0.003
197.54	0.004
197.75	0.006
197.96	0.003
198.18	0.004
198.39	0.006
198.60	0.003
198.81	0.007
199.03	0.004
199.24	0.002
199.45	0.006
199.67	0.005
199.88	0.006
200.09	0.003
200.30	0.004
200.52	0.005
200.73	0.006
200.94	0.004
201.16	0.005
201.37	0.006
201.58	0.006
201.79	0.006
202.01	0.005
202.22	0.003
202.43	0.013
202.65	0.006
202.86	0.005
203.07	0.009
203.28	0.005
203.50	0.005
203.71	0.006
203.92	0.005
204.13	0.006
204.35	0.005
204.56	0.007
204.77	0.008
204.98	0.012
205.20	0.008
205.41	0.018
205.62	0.009
205.84	0.008
206.05	0.011
206.26	0.006
206.47	0.008
206.69	0.008
206.90	0.016
207.11	0.010
207.32	0.007
207.54	0.015
207.75	0.007
207.96	0.006
208.17	0.005
208.39	0.011
208.60	0.011
208.81	0.008
209.02	0.007
209.24	0.012
209.45	0.014
209.66	0.018
209.87	0.012
210.09	0.017
210.30	0.008
210.51	0.015
210.72	0.012
210.94	0.018
211.15	0.016
211.36	0.013
211.57	0.022
211.79	0.007
212.00	0.021
212.21	0.022
212.42	0.012
212.64	0.015
212.85	0.015
213.06	0.014
213.27	0.010
213.48	0.013
213.70	0.012
213.91	0.010
214.12	0.016
214.33	0.039
214.55	0.014
214.76	0.015
214.97	0.016
215.18	0.023
215.40	0.016
215.61	0.014
215.82	0.025
216.03	0.017
216.24	0.019
216.46	0.026
216.67	0.015
216.88	0.022
217.09	0.017
217.31	0.026
217.52	0.020
217.73	0.024
217.94	0.027
218.15	0.024
218.37	0.021
218.58	0.028
218.79	0.026
219.00	0.014
219.21	0.023
219.43	0.037
219.64	0.014
219.85	0.032
220.06	0.003
220.27	0.035
220.49	0.036
220.70	0.024
220.91	0.024
221.12	0.050
221.34	0.029
221.55	0.031
221.76	0.055
221.97	0.017
222.18	0.031
222.39	0.039
222.61	0.047
222.82	0.029
223.03	0.026
223.24	0.042
223.45	0.027
223.67	0.027
223.88	0.024
224.09	0.036
224.30	0.032
224.51	0.022
224.73	0.036
224.94	0.040
225.15	0.052
225.36	0.050
225.57	0.047
225.79	0.047
226.00	0.057
226.21	0.038
226.42	0.052
226.63	0.044
226.84	0.040
227.06	0.061
227.27	0.027
227.48	0.026
227.69	0.044
227.90	0.036
228.11	0.023
228.33	0.037
228.54	0.047
228.75	0.044
228.96	0.059
229.17	0.039
229.38	0.052
229.60	0.034
229.81	0.026
230.02	0.052
230.23	0.044
230.44	0.049
230.65	0.052
230.87	0.042
231.08	0.130
231.29	0.059
231.50	0.055
231.71	0.062
231.92	0.043
232.14	0.041
232.35	0.053
232.56	0.033
232.77	0.161
232.98	0.050
233.19	0.054
233.41	0.101
233.62	0.059
233.83	0.080
234.04	0.075
234.25	0.072
234.46	0.059
234.67	0.069
234.89	0.061
235.10	0.080
235.31	0.196
235.52	0.081
235.73	0.077
235.94	0.056
236.15	0.075
236.37	0.037
236.58	0.077
236.79	0.132
237.00	0.105
237.21	0.074
237.42	0.052
237.63	0.054
237.84	0.080
238.06	0.111
238.27	0.067
238.48	0.129
238.69	0.107
238.90	0.079
239.11	0.104
239.32	0.054
239.53	0.117
239.75	0.115
239.96	0.061
240.17	0.052
240.38	0.086
240.59	0.084
240.80	0.075
241.01	0.070
241.22	0.081
241.44	0.066
241.65	0.062
241.86	0.173
242.07	0.082
242.28	0.091
242.49	0.850
242.70	0.090
242.91	0.087
243.12	0.128
243.34	0.118
243.55	0.082
243.76	0.123
243.97	0.078
244.18	0.222
244.39	0.146
244.60	0.099
244.81	0.141
245.02	0.098
245.24	0.101
245.45	0.083
245.66	0.100
245.87	0.138
246.08	0.080
246.29	0.104
246.50	0.123
246.71	0.099
246.92	0.102
247.13	0.188
247.34	0.183
247.56	0.196
247.77	0.126
247.98	0.121
248.19	0.175
248.40	0.139
248.61	0.129
248.82	0.383
249.03	0.206
249.24	0.220
249.45	0.138
249.66	0.189
249.87	0.119
250.09	0.175
250.30	0.123
250.51	0.125
250.72	0.159
250.93	0.215
251.14	0.133
251.35	0.125
251.56	0.123
251.77	0.196
251.98	0.183
252.19	0.211
252.40	0.155
252.61	0.161
252.83	0.136
253.04	0.095
253.25	0.214
253.46	0.175
253.67	0.190
253.88	0.142
254.09	0.178
254.30	0.336
254.51	0.311
254.72	0.272
254.93	0.238
255.14	0.215
255.35	0.296
255.56	0.162
255.77	0.178
255.98	0.156
256.19	0.222
256.41	0.231
256.62	0.208
256.83	0.170
257.04	0.239
257.25	0.199
257.46	0.167
257.67	0.131
257.88	0.338
258.09	0.139
258.30	0.217
258.51	0.268
258.72	0.327
258.93	0.215
259.14	0.209
259.35	0.289
259.56	0.202
259.77	0.434
259.98	0.478
260.19	0.278
260.40	0.290
260.61	0.341
260.82	0.298
261.03	0.332
261.24	0.255
261.46	0.251
261.67	0.353
261.88	0.290
262.09	0.407
262.30	0.321
262.51	0.271
262.72	0.341
262.93	0.250
263.14	0.201
263.35	0.323
263.56	0.463
263.77	0.357
263.98	0.314
264.19	0.521
264.40	0.246
264.61	0.235
264.82	0.265
265.03	0.432
265.24	0.382
265.45	0.263
265.66	0.347
265.87	0.376
266.08	0.268
266.29	0.443
266.50	0.610
266.71	0.434
266.92	0.314
267.13	0.243
267.34	0.557
267.55	0.338
267.76	0.321
267.97	0.285
268.18	0.382
268.39	0.569
268.60	0.380
268.81	0.276
269.02	0.295
269.23	0.494
269.44	0.431
269.65	0.496
269.86	0.393
270.07	0.289
270.28	0.369
270.49	0.338
270.70	0.349
270.91	0.446
271.12	0.309
271.33	0.374
271.54	0.366
271.75	0.422
271.96	0.632
272.17	0.337
272.38	0.641
272.59	0.361
272.80	0.397
273.01	0.700
273.22	0.407
273.43	0.404
273.64	0.408
273.85	0.578
274.06	0.345
274.27	0.679
274.48	0.481
274.69	0.456
274.90	0.432
275.11	0.291
275.31	0.369
275.52	0.720
275.73	0.514
275.94	0.661
276.15	0.348
276.36	0.501
276.57	0.340
276.78	1.004
276.99	0.797
277.20	0.431
277.41	0.565
277.62	0.660
277.83	0.566
278.04	0.587
278.25	0.394
278.46	0.491
278.67	0.598
278.88	0.665
279.09	0.302
279.30	0.697
279.51	0.746
279.72	0.822
279.93	0.549
280.14	0.599
280.34	1.025
280.55	0.674
280.76	0.845
280.97	0.533
281.18	1.030
281.39	0.674
281.60	0.639
281.81	0.492
282.02	0.554
282.23	0.952
282.44	0.985
282.65	0.588
282.86	0.756
283.07	0.779
283.28	0.658
283.49	0.498
283.69	1.820
283.90	0.645
284.11	0.857
284.32	0.796
284.53	0.527
284.74	0.570
284.95	0.616
285.16	0.800
285.37	0.600
285.58	0.681
285.79	0.574
286.00	0.618
286.21	0.687
286.41	0.794
286.62	1.168
286.83	0.938
287.04	0.754
287.25	0.933
287.46	0.860
287.67	1.127
287.88	0.840
288.09	0.815
288.30	0.814
288.51	1.767
288.72	0.846
288.92	0.962
289.13	1.381
289.34	1.357
289.55	0.754
289.76	0.547
289.97	0.520
290.18	1.114
290.39	0.700
290.60	0.996
290.81	0.808
291.01	0.947
291.22	0.631
291.43	0.975
291.64	1.186
291.85	1.064
292.06	0.953
292.27	1.030
292.48	1.036
292.69	1.267
292.90	0.907
293.10	0.934
293.31	1.164
293.52	1.696
293.73	1.120
293.94	1.644
294.15	0.817
294.36	1.178
294.57	1.089
294.77	1.329
294.98	1.132
295.19	1.143
295.40	1.061
295.61	1.159
295.82	1.056
296.03	1.750
296.24	1.571
296.44	1.156
296.65	2.175
296.86	1.572
297.07	1.039
297.28	1.403
297.49	1.177
297.70	1.455
297.91	1.534
298.11	1.252
298.32	2.555
298.53	0.854
298.74	0.867
298.95	1.324
299.16	1.224
299.37	1.162
299.57	1.123
299.78	1.243
299.99	1.132
300.20	1.158
300.41	2.070
300.62	1.034
300.83	1.359
301.03	1.128
301.24	1.460
301.45	1.348
301.66	1.398
301.87	1.180
302.08	1.927
302.29	1.474
302.49	1.464
302.70	1.243
302.91	1.033
303.12	1.003
303.33	1.827
303.54	0.758
303.74	1.404
303.95	1.736
304.16	1.109
304.37	1.261
304.58	1.747
304.79	1.375
304.99	1.908
305.20	1.515
305.41	1.276
305.62	1.311
305.83	1.205
306.04	1.312
306.24	1.484
306.45	1.195
306.66	2.472
306.87	3.390
307.08	1.639
307.29	1.101
307.49	1.412
307.70	1.907
307.91	1.082
308.12	1.069
308.33	1.176
308.53	1.222
308.74	1.716
308.95	1.033
309.16	1.582
309.37	1.902
309.58	1.610
309.78	3.840
309.99	2.064
310.20	2.057
310.41	1.782
310.62	1.403
310.82	1.586
311.03	1.388
311.24	2.206
311.45	1.684
311.66	1.489
311.86	1.652
312.07	2.357
312.28	2.501
312.49	1.344
312.70	1.982
312.90	1.801
313.11	1.646
313.32	2.311
313.53	1.669
313.74	1.876
313.94	1.770
314.15	2.878
314.36	1.461
314.57	3.057
314.78	1.650
314.98	2.511
315.19	1.636
315.40	2.196
315.61	1.644
315.81	2.077
316.02	1.379
316.23	1.920
316.44	1.576
316.65	1.833
316.85	2.897
317.06	1.919
317.27	1.945
317.48	2.092
317.68	2.491
317.89	2.084
318.10	2.541
318.31	2.510
318.52	3.016
318.72	2.275
318.93	1.945
319.14	1.947
319.35	2.931
319.55	2.474
319.76	1.726
319.97	2.400
320.18	2.983
320.38	1.855
320.59	1.677
320.80	2.865
321.01	2.087
321.21	2.676
321.42	2.332
321.63	2.205
321.84	2.728
322.04	2.018
322.25	2.549
322.46	1.941
322.67	3.150
322.87	2.353
323.08	2.582
323.29	2.102
323.50	3.380
323.70	2.573
323.91	2.612
324.12	3.121
324.33	2.436
324.53	2.651
324.74	2.560
324.95	3.023
325.16	2.981
325.36	2.293
325.57	2.292
325.78	2.726
325.99	2.998
326.19	2.907
326.40	2.575
326.61	2.418
326.82	2.669
327.02	2.122
327.23	2.403
327.44	2.668
327.64	3.181
327.85	2.725
328.06	3.692
328.27	2.737
328.47	2.769
328.68	2.684
328.89	3.648
329.10	2.590
329.30	3.460
329.51	3.224
329.72	3.146
329.92	3.017
330.13	3.670
330.34	2.464
330.55	2.897
330.75	2.558
330.96	3.173
331.17	3.334
331.37	2.676
331.58	3.194
331.79	3.015
331.99	3.870
332.20	2.920
332.41	2.687
332.62	3.683
332.82	2.596
333.03	3.258
333.24	3.663
333.44	2.793
333.65	3.945
333.86	3.977
334.06	3.320
334.27	3.675
334.48	3.509
334.69	3.189
334.89	3.387
335.10	3.532
335.31	3.329
335.51	3.509
335.72	2.809
335.93	3.177
336.13	3.012
336.34	3.019
336.55	3.211
336.75	3.613
336.96	4.945
337.17	3.836
337.37	4.510
337.58	4.141
337.79	3.171
337.99	3.597
338.20	3.178
338.41	3.613
338.62	3.979
338.82	3.622
339.03	3.286
339.24	3.934
339.44	3.438
339.65	3.693
339.86	4.603
340.06	4.078
340.27	3.553
340.48	3.536
340.68	4.216
340.89	4.122
341.10	4.367
341.30	3.691
341.51	2.925
341.71	4.598
341.92	3.485
342.13	4.179
342.33	3.618
342.54	4.372
342.75	3.967
342.95	4.301
343.16	3.647
343.37	4.092
343.57	4.477
343.78	4.897
343.99	4.167
344.19	4.290
344.40	4.573
344.61	4.134
344.81	4.386
345.02	4.338
345.23	4.925
345.43	4.437
345.64	4.411
345.84	4.970
346.05	4.177
346.26	4.924
346.46	4.855
346.67	3.315
346.88	4.363
347.08	3.983
347.29	4.708
347.49	4.139
347.70	4.669
347.91	5.079
348.11	4.485
348.32	3.950
348.53	4.347
348.73	5.286
348.94	3.841
349.14	4.397
349.35	4.301
349.56	4.277
349.76	3.903
349.97	4.831
350.18	4.404
350.38	4.514
350.59	4.687
350.79	4.535
351.00	4.406
351.21	4.954
351.41	5.230
351.62	4.965
351.82	5.248
352.03	4.540
352.24	5.242
352.44	4.869
352.65	5.452
352.85	5.186
353.06	5.215
353.27	4.764
353.47	4.776
353.68	5.258
353.88	3.939
354.09	4.680
354.30	4.786
354.50	5.832
354.71	5.048
354.91	4.372
355.12	5.271
355.33	5.367
355.53	5.235
355.74	5.042
355.94	5.145
356.15	5.121
356.36	4.834
356.56	5.239
356.77	5.323
356.97	5.060
357.18	5.388
357.38	5.680
357.59	5.637
357.80	5.334
358.00	5.648
358.21	5.462
358.41	4.643
358.62	5.727
358.83	5.401
359.03	5.702
359.24	5.145
359.44	6.643
359.65	5.546
359.85	6.124
360.06	5.908
360.27	6.701
360.47	5.423
360.68	5.626
360.88	5.624
361.09	5.731
361.29	5.924
361.50	6.057
361.70	5.950
361.91	6.214
362.12	5.689
362.32	6.072
362.53	5.931
362.73	5.209
362.94	5.769
363.14	6.143
363.35	6.748
363.55	6.617
363.76	6.199
363.97	6.127
364.17	5.686
364.38	6.234
364.58	5.829
364.79	6.087
364.99	6.763
365.20	6.367
365.40	5.590
365.61	6.766
365.81	5.709
366.02	6.212
366.22	6.496
366.43	5.693
366.64	6.556
366.84	6.846
367.05	6.618
367.25	6.957
367.46	6.593
367.66	7.010
367.87	6.888
368.07	6.496
368.28	7.020
368.48	7.133
368.69	6.982
368.89	6.257
369.10	6.636
369.30	7.136
369.51	6.191
369.71	6.676
369.92	6.479
370.12	7.441
370.33	7.219
370.53	6.748
370.74	6.364
370.94	7.049
371.15	7.381
371.35	6.885
371.56	7.184
371.77	7.737
371.97	7.225
372.18	8.464
372.38	7.547
372.59	7.275
372.79	6.845
373.00	7.596
373.20	7.452
373.41	7.157
373.61	6.749
373.82	6.762
374.02	7.889
374.23	7.358
374.43	7.486
374.64	7.517
374.84	7.397
375.04	7.966
375.25	8.313
375.45	7.186
375.66	7.852
375.86	7.508
376.07	6.791
376.27	7.432
376.48	7.678
376.68	7.704
376.89	7.585
377.09	8.243
377.30	8.042
377.50	7.960
377.71	8.405
377.91	8.075
378.12	8.020
378.32	8.026
378.53	8.263
378.73	8.192
378.94	7.693
379.14	8.206
379.35	9.037
379.55	9.130
379.75	8.038
379.96	8.611
380.16	8.964
380.37	8.568
380.57	8.666
380.78	8.464
380.98	8.486
381.19	9.476
381.39	9.149
381.60	8.404
381.80	8.875
382.01	8.911
382.21	8.984
382.41	8.770
382.62	8.918
382.82	8.179
383.03	8.791
383.23	8.214
383.44	9.280
383.64	9.017
383.85	8.557
384.05	9.241
384.25	8.354
384.46	8.728
384.66	9.042
384.87	9.342
385.07	8.368
385.28	9.350
385.48	8.764
385.69	9.672
385.89	9.090
386.09	9.306
386.30	9.308
386.50	9.538
386.71	9.670
386.91	8.550
387.12	9.646
387.32	9.167
387.52	10.080
387.73	9.741
387.93	8.705
388.14	8.292
388.34	9.464
388.54	9.978
388.75	9.560
388.95	9.356
389.16	9.979
389.36	9.522
389.57	9.286
389.77	10.027
389.97	10.422
390.18	9.611
390.38	10.432
390.59	9.811
390.79	10.272
390.99	10.879
391.20	10.992
391.40	10.831
391.61	10.002
391.81	9.425
392.01	10.416
392.22	10.879
392.42	10.271
392.63	10.180
392.83	10.613
393.03	10.814
393.24	10.270
393.44	10.005
393.65	10.496
393.85	10.776
394.05	10.779
394.26	11.022
394.46	9.898
394.67	10.275
394.87	10.924
395.07	10.463
395.28	11.446
395.48	11.592
395.69	11.387
395.89	10.383
396.09	10.936
396.30	11.240
396.50	10.905
396.70	11.766
396.91	11.258
397.11	11.331
397.32	11.190
397.52	11.327
397.72	12.365
397.93	10.995
398.13	11.186
398.33	11.187
398.54	11.240
398.74	11.106
398.95	12.225
399.15	11.210
399.35	11.452
399.56	11.574
399.76	11.006
399.96	11.592
400.17	11.488
400.37	11.635
400.57	11.554
400.78	11.786
400.98	11.354
401.18	11.082
401.39	12.068
401.59	11.909
401.80	11.504
402.00	12.834
402.20	12.320
402.41	11.211
402.61	11.456
402.81	12.057
403.02	11.757
403.22	12.347
403.42	12.114
403.63	12.174
403.83	11.898
404.03	11.567
404.24	12.456
404.44	11.843
404.64	12.266
404.85	12.981
405.05	12.227
405.25	12.532
405.46	12.148
405.66	12.401
405.86	12.327
406.07	12.713
406.27	13.327
406.47	12.654
406.68	13.103
406.88	13.257
407.08	12.925
407.29	13.763
407.49	12.945
407.69	13.566
407.89	13.092
408.10	13.305
408.30	13.538
408.50	13.780
408.71	13.585
408.91	14.018
409.11	13.949
409.32	12.937
409.52	13.187
409.72	13.103
409.93	13.769
410.13	13.597
410.33	13.044
410.54	13.695
410.74	13.089
410.94	13.408
411.14	13.935
411.35	13.911
411.55	13.943
411.75	13.090
411.96	13.374
412.16	12.936
412.36	13.571
412.56	13.867
412.77	14.102
412.97	13.130
413.17	14.481
413.38	14.024
413.58	14.978
413.78	13.445
413.99	14.031
414.19	13.617
414.39	14.382
414.59	14.403
414.80	13.699
415.00	14.635
415.20	13.495
415.40	13.933
415.61	14.508
415.81	14.085
416.01	14.430
416.22	14.694
416.42	14.036
416.62	14.660
416.82	14.860
417.03	14.678
417.23	15.329
417.43	15.002
417.63	15.366
417.84	13.970
418.04	15.265
418.24	15.185
418.44	15.376
418.65	15.617
418.85	14.526
419.05	14.727
419.26	14.961
419.46	14.795
419.66	15.786
419.86	14.753
420.07	15.118
420.27	15.518
420.47	15.920
420.67	15.553
420.88	15.464
421.08	14.710
421.28	15.757
421.48	16.028
421.69	16.089
421.89	16.125
422.09	15.887
422.29	15.546
422.49	15.770
422.70	15.528
422.90	15.700
423.10	16.047
423.30	15.479
423.51	15.917
423.71	16.283
423.91	16.230
424.11	15.931
424.32	16.910
424.52	16.759
424.72	15.056
424.92	16.605
425.12	15.942
425.33	16.026
425.53	16.729
425.73	16.637
425.93	16.608
426.14	16.816
426.34	16.412
426.54	16.898
426.74	17.460
426.94	17.541
427.15	16.228
427.35	17.301
427.55	17.380
427.75	17.042
427.95	16.641
428.16	17.010
428.36	17.419
428.56	17.613
428.76	16.965
428.96	17.067
429.17	17.039
429.37	17.805
429.57	17.831
429.77	18.322
429.97	16.931
430.18	17.508
430.38	16.967
430.58	17.901
430.78	17.131
430.98	18.009
431.19	17.270
431.39	18.101
431.59	18.195
431.79	19.035
431.99	17.486
432.20	18.471
432.40	17.071
432.60	17.905
432.80	18.179
433.00	18.256
433.20	18.091
433.41	18.768
433.61	18.188
433.81	18.247
434.01	19.096
434.21	18.902
434.42	18.722
434.62	19.335
434.82	19.288
435.02	18.742
435.22	19.130
435.42	18.691
435.63	17.806
435.83	18.521
436.03	19.066
436.23	19.136
436.43	19.022
436.63	19.119
436.84	19.228
437.04	18.435
437.24	18.487
437.44	18.324
437.64	19.544
437.84	19.181
438.04	20.238
438.25	19.205
438.45	19.403
438.65	19.320
438.85	18.912
439.05	18.680
439.25	19.421
439.45	18.534
439.66	19.646
439.86	20.461
440.06	19.113
440.26	19.918
440.46	20.328
440.66	20.733
440.86	18.443
441.07	19.466
441.27	19.302
441.47	19.767
441.67	20.482
441.87	21.506
442.07	20.816
442.27	20.878
442.47	20.627
442.68	19.515
442.88	21.370
443.08	19.843
443.28	20.025
443.48	19.749
443.68	20.659
443.88	21.675
444.08	20.405
444.29	20.951
444.49	20.996
444.69	21.279
444.89	19.938
445.09	21.201
445.29	20.741
445.49	20.783
445.69	21.054
445.89	22.493
446.10	20.710
446.30	21.608
446.50	21.643
446.70	21.650
446.90	21.260
447.10	21.761
447.30	21.134
447.50	21.660
447.70	22.760
447.90	22.039
448.11	21.575
448.31	20.568
448.51	22.378
448.71	22.876
448.91	21.653
449.11	21.969
449.31	22.240
449.51	22.247
449.71	22.509
449.91	22.152
450.11	22.639
450.32	22.477
450.52	22.578
450.72	22.654
450.92	22.589
451.12	23.098
451.32	21.550
451.52	22.253
451.72	22.160
451.92	22.953
452.12	23.653
452.32	22.636
452.52	23.191
452.72	22.751
452.93	22.544
453.13	23.080
453.33	23.714
453.53	23.336
453.73	22.906
453.93	23.054
454.13	24.314
454.33	23.321
454.53	23.478
454.73	22.890
454.93	24.478
455.13	24.103
455.33	24.056
455.53	23.790
455.73	24.197
455.93	24.682
456.13	23.757
456.33	23.987
456.54	24.211
456.74	24.371
456.94	24.591
457.14	24.053
457.34	24.646
457.54	24.630
457.74	23.789
457.94	24.173
458.14	23.709
458.34	24.121
458.54	24.610
458.74	25.511
458.94	24.859
459.14	23.658
459.34	23.849
459.54	23.855
459.74	25.013
459.94	25.072
460.14	24.367
460.34	24.471
460.54	24.489
460.74	24.869
460.94	24.940
461.14	25.174
461.34	25.042
461.54	25.033
461.74	24.605
461.94	25.247
462.14	25.220
462.34	25.093
462.54	25.899
462.74	26.049
462.94	25.845
463.14	25.730
463.34	24.690
463.54	25.966
463.74	24.328
463.94	26.110
464.14	26.450
464.34	26.036
464.54	25.686
464.74	25.347
464.94	25.800
465.14	25.627
465.34	25.219
465.54	26.402
465.74	26.556
465.94	26.121
466.14	25.995
466.34	26.386
466.54	26.625
466.74	26.504
466.94	27.333
467.14	26.503
467.34	26.730
467.54	26.658
467.74	26.729
467.94	26.964
468.14	26.503
468.34	27.862
468.54	26.379
468.74	27.537
468.94	26.664
469.14	27.325
469.34	27.767
469.54	27.642
469.74	26.903
469.94	27.248
470.14	27.000
470.34	27.323
470.54	27.188
470.74	26.972
470.94	26.946
471.14	27.233
471.34	27.277
471.54	27.752
471.74	27.205
471.94	28.396
472.14	28.176
472.34	28.099
472.54	28.053
472.73	28.096
472.93	27.384
473.13	28.247
473.33	27.795
473.53	28.370
473.73	27.955
473.93	28.105
474.13	27.883
474.33	28.633
474.53	28.450
474.73	28.720
474.93	28.606
475.13	28.509
475.33	28.375
475.53	28.998
475.73	27.956
475.93	29.182
476.12	29.189
476.32	29.061
476.52	28.749
476.72	29.467
476.92	29.520
477.12	29.305
477.32	28.983
477.52	28.375
477.72	29.077
477.92	29.031
478.12	29.869
478.32	29.308
478.52	29.107
478.71	29.609
478.91	29.398
479.11	29.906
479.31	29.895
479.51	30.292
479.71	30.048
479.91	29.894
480.11	30.376
480.31	29.748
480.51	30.172
480.71	30.605
480.91	30.091
481.10	30.219
481.30	30.674
481.50	29.915
481.70	30.922
481.90	30.435
482.10	30.635
482.30	31.133
482.50	30.442
482.70	31.052
482.89	30.515
483.09	30.500
483.29	31.351
483.49	31.284
483.69	30.321
483.89	30.682
484.09	30.992
484.29	31.554
484.49	31.032
484.68	31.528
484.88	31.449
485.08	31.748
485.28	31.614
485.48	31.767
485.68	32.199
485.88	31.429
486.08	32.028
486.27	31.717
486.47	31.765
486.67	32.265
486.87	31.910
487.07	32.423
487.27	32.121
487.47	32.266
487.67	32.332
487.86	32.456
488.06	32.664
488.26	32.430
488.46	32.860
488.66	32.901
488.86	32.654
489.06	32.679
489.25	32.573
489.45	32.690
489.65	33.075
489.85	32.439
490.05	32.875
490.25	33.287
490.45	32.552
490.64	32.920
490.84	33.140
491.04	33.628
491.24	33.189
491.44	33.515
491.64	33.894
491.83	34.029
492.03	34.080
492.23	33.416
492.43	33.534
492.63	33.956
492.83	33.285
493.02	33.390
493.22	33.435
493.42	33.688
493.62	34.201
493.82	34.096
494.02	33.502
494.21	33.698
494.41	34.091
494.61	34.321
494.81	34.900
495.01	33.907
495.21	35.107
495.40	34.372
495.60	34.833
495.80	34.297
496.00	34.538
496.20	34.780
496.39	35.088
496.59	35.121
496.79	34.575
496.99	34.620
497.19	35.196
497.38	34.743
497.58	34.864
497.78	35.252
497.98	34.680
498.18	34.757
498.37	35.062
498.57	34.687
498.77	35.914
498.97	35.393
499.17	35.429
499.36	35.495
499.56	34.845
499.76	35.531
499.96	35.226
500.16	35.812
500.35	35.918
500.55	36.400
500.75	36.117
500.95	36.092
501.15	35.800
501.34	36.810
501.54	36.544
501.74	36.265
501.94	36.486
502.13	36.652
502.33	36.181
502.53	37.765
502.73	36.253
502.92	37.585
503.12	36.958
503.32	36.762
503.52	37.068
503.72	36.858
503.91	37.184
504.11	36.983
504.31	37.259
504.51	36.656
504.70	37.273
504.90	36.925
505.10	37.432
505.30	36.779
505.49	37.671
505.69	37.833
505.89	37.608
506.09	37.287
506.28	37.543
506.48	37.603
506.68	37.711
506.88	37.799
507.07	37.743
507.27	37.872
507.47	38.400
507.67	37.646
507.86	38.382
508.06	38.192
508.26	38.097
508.46	37.748
508.65	38.454
508.85	38.581
509.05	38.945
509.25	38.823
509.44	38.298
509.64	38.574
509.84	38.278
510.03	38.236
510.23	38.262
510.43	39.079
510.63	38.835
510.82	38.701
511.02	38.866
511.22	39.629
511.42	38.006
511.61	39.043
511.81	39.256
512.01	39.488
512.20	38.970
512.40	39.347
512.60	39.453
512.80	39.253
512.99	39.733
513.19	39.840
513.39	39.815
513.58	39.815
513.78	39.979
513.98	40.114
514.17	40.276
514.37	40.102
514.57	40.776
514.77	39.627
514.96	40.728
515.16	40.561
515.36	40.274
515.55	40.775
515.75	40.475
515.95	40.879
516.14	40.793
516.34	40.131
516.54	40.270
516.73	40.749
516.93	40.382
517.13	40.862
517.33	40.473
517.52	41.447
517.72	40.906
517.92	40.784
518.11	41.171
518.31	41.226
518.51	41.246
518.70	41.296
518.90	41.022
519.10	42.219
519.29	41.936
519.49	42.123
519.69	41.336
519.88	42.016
520.08	41.720
520.28	41.412
520.47	41.886
520.67	41.423
520.87	42.180
521.06	42.555
521.26	41.510
521.46	42.313
521.65	42.263
521.85	41.736
522.05	42.023
522.24	42.220
522.44	41.947
522.64	42.663
522.83	42.154
523.03	42.561
523.22	42.398
523.42	42.202
523.62	42.472
523.81	43.154
524.01	43.289
524.21	42.984
524.40	42.687
524.60	43.065
524.80	44.200
524.99	43.061
525.19	43.196
525.38	43.588
525.58	43.686
525.78	42.745
525.97	43.940
526.17	43.406
526.37	43.092
526.56	43.769
526.76	43.448
526.95	43.029
527.15	43.445
527.35	44.340
527.54	43.265
527.74	43.419
527.94	44.194
528.13	44.190
528.33	43.650
528.52	44.786
528.72	45.092
528.92	44.898
529.11	44.474
529.31	45.013
529.50	44.876
529.70	44.550
529.90	44.037
530.09	44.580
530.29	44.207
530.48	44.816
530.68	45.293
530.88	44.765
531.07	45.097
531.27	44.665
531.46	44.565
531.66	45.955
531.86	45.170
532.05	44.997
532.25	45.485
532.44	45.477
532.64	45.834
532.84	46.559
533.03	45.488
533.23	46.625
533.42	45.842
533.62	46.083
533.81	45.735
534.01	46.159
534.21	46.156
534.40	45.832
534.60	46.019
534.79	46.243
534.99	46.285
535.18	45.948
535.38	45.688
535.58	45.890
535.77	46.707
535.97	46.326
536.16	46.137
536.36	46.592
536.55	47.386
536.75	46.506
536.95	46.810
537.14	46.888
537.34	46.715
537.53	47.177
537.73	47.215
537.92	46.694
538.12	46.813
538.31	46.585
538.51	47.307
538.71	46.723
538.90	47.049
539.10	47.723
539.29	47.777
539.49	47.391
539.68	47.376
539.88	47.165
540.07	47.315
540.27	47.953
540.46	47.684
540.66	48.169
540.85	48.158
541.05	48.434
541.25	47.793
541.44	48.309
541.64	47.878
541.83	47.835
542.03	48.631
542.22	48.439
542.42	48.320
542.61	48.453
542.81	48.201
543.00	48.986
543.20	48.371
543.39	48.425
543.59	48.285
543.78	48.615
543.98	48.824
544.17	49.040
544.37	48.786
544.56	48.946
544.76	49.534
544.95	48.919
545.15	49.501
545.34	49.148
545.54	49.649
545.73	49.565
545.93	49.118
546.12	49.227
546.32	50.675
546.51	49.107
546.71	50.035
546.90	49.452
547.10	50.779
547.29	49.669
547.49	49.711
547.68	50.496
547.88	51.002
548.07	49.601
548.27	49.750
548.46	50.596
548.66	50.404
548.85	50.010
549.05	49.727
549.24	50.740
549.44	50.278
549.63	50.747
549.83	50.915
550.02	50.986
550.22	50.655
550.41	50.878
550.61	50.502
550.80	50.087
551.00	50.615
551.19	51.264
551.38	50.571
551.58	51.052
551.77	50.807
551.97	50.782
552.16	51.612
552.36	51.561
552.55	51.917
552.75	52.020
552.94	51.151
553.14	51.769
553.33	51.641
553.52	51.606
553.72	51.318
553.91	53.104
554.11	51.235
554.30	51.857
554.50	52.058
554.69	52.317
554.89	51.398
555.08	52.268
555.27	52.680
555.47	52.847
555.66	52.488
555.86	53.005
556.05	52.842
556.25	52.464
556.44	53.101
556.64	52.794
556.83	52.816
557.02	52.793
557.22	52.708
557.41	52.884
557.61	53.529
557.80	53.727
558.00	52.668
558.19	53.434
558.38	52.496
558.58	52.511
558.77	53.536
558.97	53.651
559.16	53.278
559.35	53.327
559.55	53.584
559.74	54.456
559.94	53.711
560.13	53.820
560.32	53.540
560.52	53.755
560.71	54.224
560.91	53.880
561.10	54.190
561.29	54.400
561.49	54.817
561.68	54.253
561.88	53.857
562.07	55.123
562.26	54.699
562.46	55.017
562.65	54.388
562.85	55.145
563.04	55.051
563.23	53.879
563.43	55.085
563.62	54.997
563.82	53.736
564.01	55.399
564.20	55.621
564.40	55.027
564.59	55.411
564.78	55.427
564.98	55.362
565.17	55.418
565.37	55.313
565.56	55.279
565.75	55.352
565.95	55.247
566.14	56.007
566.33	55.372
566.53	55.488
566.72	55.515
566.92	55.228
567.11	55.186
567.30	55.849
567.50	55.351
567.69	56.231
567.88	56.031
568.08	56.001
568.27	56.724
568.46	55.565
568.66	56.206
568.85	55.853
569.04	56.268
569.24	56.408
569.43	56.473
569.62	56.464
569.82	56.179
570.01	56.326
570.21	56.659
570.40	56.455
570.59	57.029
570.79	56.658
570.98	56.983
571.17	57.599
571.37	56.976
571.56	57.244
571.75	57.276
571.95	56.876
572.14	56.759
572.33	57.204
572.53	57.156
572.72	57.012
572.91	57.553
573.10	57.340
573.30	56.998
573.49	56.610
573.68	57.783
573.88	57.243
574.07	57.394
574.26	57.198
574.46	57.130
574.65	57.971
574.84	57.525
575.04	57.847
575.23	56.858
575.42	58.227
575.62	58.278
575.81	57.543
576.00	58.179
576.19	58.130
576.39	58.694
576.58	57.971
576.77	58.451
576.97	58.742
577.16	58.475
577.35	59.139
577.55	59.022
577.74	59.503
577.93	59.005
578.12	58.876
578.32	59.018
578.51	59.568
578.70	58.729
578.90	59.083
579.09	59.821
579.28	59.309
579.47	59.159
579.67	59.150
579.86	59.082
580.05	59.347
580.24	59.678
580.44	59.030
580.63	58.820
580.82	59.389
581.02	59.677
581.21	60.505
581.40	59.614
581.59	59.735
581.79	59.990
581.98	59.962
582.17	60.565
582.36	60.777
582.56	59.566
582.75	59.959
582.94	60.332
583.13	59.233
583.33	60.048
583.52	60.245
583.71	59.690
583.90	60.756
584.10	60.685
584.29	60.528
584.48	60.072
584.67	60.970
584.87	61.417
585.06	60.681
585.25	61.290
585.44	61.076
585.64	60.927
585.83	61.845
586.02	61.068
586.21	61.403
586.41	60.992
586.60	61.038
586.79	61.672
586.98	61.640
587.17	62.069
587.37	61.876
587.56	61.323
587.75	61.530
587.94	61.416
588.14	60.899
588.33	61.450
588.52	61.609
588.71	61.787
588.90	61.303
589.10	61.630
589.29	61.527
589.48	62.327
589.67	61.321
589.86	62.856
590.06	62.414
590.25	62.316
590.44	62.130
590.63	61.853
590.83	62.822
591.02	63.448
591.21	62.865
591.40	61.907
591.59	63.344
591.78	61.862
591.98	62.934
592.17	63.455
592.36	62.644
592.55	62.546
592.74	63.359
592.94	63.887
593.13	62.758
593.32	63.966
593.51	63.594
593.70	63.092
593.90	63.349
594.09	63.446
594.28	63.629
594.47	63.325
594.66	63.554
594.85	63.153
595.05	64.052
595.24	63.373
595.43	63.293
595.62	64.394
595.81	63.785
596.00	64.537
596.20	63.712
596.39	64.293
596.58	63.852
596.77	64.704
596.96	64.195
597.15	65.302
597.35	64.948
597.54	64.624
597.73	63.930
597.92	63.858
598.11	64.415
598.30	65.694
598.49	64.441
598.69	65.884
598.88	64.629
599.07	64.762
599.26	64.110
599.45	64.958
599.64	65.167
599.83	64.559
600.03	64.693
600.22	65.191
600.41	65.318
600.60	65.514
600.79	64.940
600.98	65.414
601.17	65.484
601.37	65.345
601.56	65.421
601.75	65.198
601.94	65.723
602.13	65.585
602.32	65.920
602.51	65.556
602.70	66.723
602.90	66.345
603.09	66.183
603.28	66.117
603.47	66.831
603.66	65.338
603.85	66.619
604.04	66.549
604.23	66.719
604.42	66.356
604.62	65.899
604.81	66.975
605.00	66.794
605.19	66.748
605.38	66.630
605.57	66.332
605.76	67.092
605.95	66.873
606.14	66.801
606.33	66.622
606.53	66.525
606.72	66.926
606.91	66.481
607.10	66.087
607.29	67.113
607.48	67.138
607.67	68.006
607.86	66.894
608.05	66.930
608.24	67.140
608.43	67.082
608.62	67.921
608.82	67.882
609.01	67.960
609.20	67.826
609.39	66.553
609.58	67.541
609.77	67.202
609.96	68.121
610.15	67.842
610.34	68.252
610.53	68.701
610.72	68.808
610.91	67.783
611.10	68.160
611.29	68.607
611.48	68.151
611.68	67.555
611.87	68.407
612.06	68.213
612.25	68.934
612.44	68.681
612.63	69.421
612.82	69.119
613.01	68.930
613.20	68.457
613.39	68.667
613.58	69.120
613.77	67.514
613.96	69.688
614.15	68.910
614.34	68.998
614.53	69.242
614.72	69.440
614.91	69.449
615.10	69.307
615.29	69.864
615.48	70.420
615.67	69.755
615.86	68.254
616.05	70.323
616.24	70.053
616.43	68.574
616.62	70.226
616.82	69.609
617.01	69.196
617.20	69.907
617.39	69.448
617.58	69.734
617.77	70.238
617.96	70.633
618.15	70.214
618.34	69.706
618.53	70.622
618.72	70.237
618.91	69.961
619.10	70.222
619.29	70.488
619.48	70.684
619.67	70.696
619.86	71.057
620.05	70.351
620.24	70.121
620.43	70.319
620.62	71.108
620.81	70.819
621.00	71.081
621.19	71.751
621.38	70.868
621.57	71.249
621.76	71.562
621.95	71.358
622.14	71.341
622.32	71.825
622.51	71.336
622.70	71.432
622.89	70.462
623.08	72.143
623.27	71.228
623.46	71.703
623.65	71.591
623.84	72.236
624.03	70.942
624.22	71.523
624.41	72.349
624.60	72.276
624.79	71.290
624.98	70.826
625.17	72.086
625.36	71.799
625.55	71.930
625.74	71.876
625.93	71.406
626.12	72.386
626.31	71.927
626.50	72.269
626.69	72.487
626.88	71.153
627.07	72.034
627.26	72.685
627.44	73.135
627.63	71.358
627.82	72.567
628.01	72.589
628.20	72.384
628.39	72.440
628.58	72.548
628.77	72.652
628.96	73.050
629.15	73.005
629.34	73.805
629.53	73.116
629.72	72.631
629.91	72.450
630.10	71.892
630.28	73.459
630.47	72.835
630.66	73.847
630.85	73.022
631.04	73.806
631.23	73.607
631.42	73.706
631.61	73.340
631.80	73.506
631.99	74.754
632.18	72.782
632.37	73.963
632.55	73.608
632.74	73.340
632.93	73.209
633.12	73.180
633.31	73.420
633.50	74.548
633.69	74.462
633.88	73.840
634.07	73.158
634.26	75.354
634.44	72.611
634.63	74.703
634.82	73.101
635.01	74.788
635.20	74.980
635.39	73.640
635.58	75.326
635.77	74.992
635.95	75.021
636.14	75.996
636.33	74.869
636.52	75.577
636.71	75.396
636.90	74.914
637.09	75.940
637.28	75.950
637.47	75.150
637.65	75.199
637.84	76.151
638.03	75.399
638.22	75.399
638.41	75.814
638.60	75.872
638.79	75.817
638.97	77.438
639.16	75.582
639.35	75.928
639.54	76.293
639.73	74.548
639.92	75.435
640.11	76.701
640.29	76.406
640.48	75.376
640.67	76.593
640.86	75.830
641.05	76.590
641.24	76.509
641.42	75.380
641.61	76.494
641.80	75.781
641.99	76.081
642.18	76.263
642.37	75.084
642.55	76.333
642.74	75.136
642.93	76.302
643.12	75.102
643.31	75.410
643.50	76.446
643.68	76.984
643.87	76.649
644.06	76.583
644.25	77.596
644.44	76.713
644.63	76.788
644.81	76.699
645.00	77.274
645.19	75.983
645.38	76.877
645.57	76.886
645.75	77.124
645.94	77.541
646.13	78.304
646.32	77.354
646.51	76.748
646.69	77.624
646.88	77.443
647.07	77.011
647.26	77.533
647.45	76.745
647.63	76.648
647.82	77.775
648.01	77.120
648.20	78.717
648.39	77.348
648.57	76.469
648.76	77.823
648.95	77.578
649.14	76.986
649.33	77.753
649.51	76.697
649.70	77.050
649.89	76.901
650.08	78.721
650.26	78.210
650.45	77.914
650.64	78.763
650.83	78.994
651.02	79.137
651.20	77.799
651.39	77.770
651.58	78.468
651.77	77.871
651.95	78.624
652.14	79.078
652.33	78.733
652.52	78.673
652.70	77.686
652.89	77.561
653.08	78.986
653.27	78.517
653.45	79.048
653.64	78.490
653.83	78.332
654.02	78.905
654.20	78.411
654.39	78.684
654.58	78.230
654.77	78.015
654.95	79.006
655.14	79.637
655.33	78.954
655.52	79.428
655.70	80.351
655.89	79.089
656.08	78.872
656.27	79.700
656.45	79.080
656.64	78.850
656.83	78.145
657.01	78.751
657.20	78.628
657.39	80.027
657.58	79.380
657.76	78.353
657.95	79.190
658.14	79.456
658.33	79.552
658.51	79.826
658.70	80.173
658.89	79.684
659.07	80.785
659.26	79.685
659.45	79.052
659.64	80.196
659.82	79.940
660.01	80.211
660.20	79.538
660.38	79.972
660.57	79.742
660.76	79.746
660.94	80.193
661.13	79.958
661.32	80.196
661.51	80.531
661.69	80.992
661.88	78.334
662.07	79.736
662.25	80.519
662.44	79.471
662.63	80.008
662.81	80.622
663.00	81.091
663.19	81.105
663.37	79.912
663.56	81.285
663.75	81.159
663.93	80.771
664.12	82.193
664.31	79.997
664.49	81.309
664.68	82.942
664.87	81.234
665.05	80.633
665.24	81.591
665.43	81.786
665.61	81.489
665.80	82.496
665.99	81.018
666.17	81.260
666.36	81.397
666.55	82.525
666.73	82.228
666.92	81.886
667.11	81.810
667.29	82.269
667.48	81.717
667.67	82.059
667.85	82.113
668.04	82.138
668.22	81.443
668.41	81.600
668.60	82.598
668.78	81.465
668.97	82.052
669.16	81.660
669.34	81.959
669.53	81.141
669.72	82.628
669.90	82.365
670.09	83.497
670.27	81.976
670.46	81.824
670.65	81.828
670.83	81.266
671.02	81.771
671.21	82.209
671.39	82.595
671.58	81.447
671.76	83.082
671.95	82.609
672.14	82.561
672.32	82.763
672.51	81.410
672.69	82.860
672.88	82.421
673.07	82.408
673.25	81.816
673.44	82.969
673.62	81.998
673.81	82.075
674.00	82.471
674.18	83.114
674.37	83.006
674.55	82.998
674.74	81.895
674.93	83.683
675.11	81.574
675.30	82.984
675.48	83.177
675.67	82.170
675.86	82.359
676.04	83.535
676.23	83.438
676.41	82.923
676.60	82.683
676.78	84.395
676.97	83.196
677.16	81.953
677.34	83.981
677.53	83.595
677.71	84.827
677.90	83.859
678.08	82.815
678.27	83.722
678.46	83.706
678.64	83.319
678.83	83.957
679.01	83.659
679.20	83.493
679.38	83.534
679.57	84.421
679.75	84.538
679.94	83.475
680.13	83.827
680.31	84.871
680.50	83.576
680.68	82.428
680.87	84.237
681.05	83.421
681.24	83.155
681.42	83.685
681.61	86.039
681.79	85.621
681.98	83.712
682.17	84.706
682.35	85.421
682.54	84.879
682.72	84.734
682.91	85.839
683.09	84.319
683.28	83.842
683.46	84.773
683.65	85.655
683.83	85.944
684.02	84.491
684.20	84.880
684.39	84.826
684.57	84.965
684.76	84.952
684.94	84.344
685.13	83.991
685.31	84.727
685.50	85.481
685.68	83.604
685.87	84.780
686.05	85.259
686.24	84.185
686.42	84.262
686.61	84.803
686.79	83.454
686.98	83.986
687.16	84.529
687.35	85.775
687.53	85.350
687.72	84.427
687.90	85.479
688.09	85.579
688.27	85.490
688.46	85.463
688.64	85.965
688.83	84.871
689.01	84.357
689.20	84.278
689.38	85.329
689.57	85.396
689.75	85.263
689.94	83.895
690.12	85.292
690.31	84.257
690.49	85.412
690.68	85.374
690.86	85.448
691.04	85.727
691.23	84.673
691.41	86.183
691.60	85.201
691.78	85.153
691.97	85.093
692.15	85.093
692.34	85.037
692.52	85.559
692.71	86.007
692.89	87.319
693.08	85.520
693.26	83.669
693.44	85.879
693.63	85.107
693.81	86.473
694.00	86.027
694.18	84.817
694.37	86.163
694.55	85.667
694.73	85.809
694.92	85.291
695.10	86.252
695.29	85.727
695.47	85.066
695.66	85.223
695.84	86.498
696.02	85.961
696.21	86.280
696.39	85.903
696.58	85.007
696.76	84.797
696.95	86.779
697.13	85.124
697.31	86.333
697.50	85.027
697.68	85.545
697.87	85.874
698.05	85.594
698.23	85.521
698.42	87.413
698.60	85.645
698.79	87.366
698.97	86.882
699.16	84.789
699.34	86.492
699.52	86.111
699.71	87.459
699.89	87.380
700.07	87.397
700.26	87.279
700.44	86.383
700.63	88.051
700.81	86.980
700.99	86.731
701.18	85.726
701.36	86.671
701.55	86.571
701.73	87.581
701.91	86.697
702.10	88.068
702.28	86.840
702.46	87.050
702.65	87.265
702.83	87.272
703.02	86.552
703.20	86.332
703.38	86.955
703.57	87.286
703.75	87.030
703.93	87.605
704.12	86.960
704.30	88.119
704.48	86.871
704.67	86.739
704.85	85.885
705.04	85.818
705.22	87.706
705.40	86.969
705.59	87.219
705.77	87.241
705.95	87.246
706.14	87.642
706.32	86.485
706.50	87.200
706.69	87.140
706.87	87.194
707.05	88.239
707.24	88.018
707.42	87.835
707.60	87.501
707.79	87.051
707.97	87.024
708.15	88.073
708.34	87.888
708.52	86.627
708.70	86.599
708.89	87.156
709.07	88.827
709.25	87.803
709.44	86.503
709.62	86.991
709.80	87.758
709.99	86.229
710.17	87.352
710.35	87.422
710.54	86.414
710.72	87.366
710.90	87.799
711.08	85.937
711.27	88.413
711.45	88.145
711.63	86.180
711.82	87.727
712.00	85.758
712.18	87.585
712.37	88.841
712.55	86.667
712.73	87.489
712.91	88.669
713.10	88.430
713.28	87.687
713.46	86.616
713.65	88.275
713.83	88.562
714.01	87.679
714.19	87.481
714.38	87.358
714.56	89.159
714.74	87.483
714.93	88.203
715.11	88.138
715.29	87.711
715.47	89.153
715.66	87.465
715.84	88.365
716.02	87.943
716.20	88.272
716.39	88.949
716.57	87.467
716.75	88.363
716.93	87.697
717.12	87.997
717.30	90.079
717.48	88.621
717.66	88.550
717.85	87.965
718.03	87.934
718.21	88.103
718.39	88.812
718.58	89.579
718.76	87.369
718.94	88.549
719.12	87.608
719.31	88.939
719.49	88.311
719.67	90.450
719.85	87.514
720.04	88.226
720.22	88.565
720.40	87.654
720.58	87.693
720.77	87.657
720.95	87.783
721.13	88.536
721.31	89.797
721.49	87.374
721.68	87.356
721.86	87.349
722.04	90.424
722.22	88.978
722.40	89.842
722.59	88.193
722.77	88.038
722.95	90.015
723.13	89.022
723.32	90.046
723.50	88.957
723.68	87.191
723.86	87.845
724.04	88.851
724.23	87.733
724.41	89.453
724.59	88.438
724.77	89.696
724.95	91.078
725.14	89.600
725.32	89.288
725.50	90.388
725.68	89.018
725.86	88.754
726.04	87.724
726.23	89.442
726.41	89.277
726.59	89.872
726.77	88.355
726.95	88.778
727.14	88.862
727.32	88.428
727.50	89.821
727.68	89.282
727.86	89.000
728.04	88.927
728.23	89.057
728.41	90.459
728.59	89.310
728.77	89.127
728.95	88.800
729.13	88.672
729.31	87.634
729.50	89.341
729.68	90.045
729.86	88.032
730.04	88.441
730.22	87.780
730.40	88.743
730.59	88.100
730.77	88.707
730.95	88.560
731.13	88.145
731.31	88.027
731.49	88.075
731.67	90.418
731.86	89.725
732.04	88.680
732.22	88.396
732.40	88.409
732.58	87.659
732.76	88.586
732.94	88.808
733.12	88.342
733.31	88.930
733.49	88.185
733.67	89.085
733.85	88.578
734.03	87.407
734.21	88.876
734.39	89.255
734.57	88.201
734.75	87.840
734.94	89.059
735.12	88.883
735.30	89.610
735.48	88.853
735.66	88.466
735.84	89.011
736.02	88.506
736.20	89.687
736.38	90.842
736.57	89.717
736.75	88.411
736.93	89.733
737.11	90.037
737.29	89.544
737.47	89.352
737.65	90.411
737.83	89.528
738.01	90.821
738.19	88.642
738.37	89.972
738.55	88.007
738.74	89.853
738.92	87.705
739.10	88.031
739.28	90.413
739.46	90.013
739.64	89.668
739.82	89.860
740.00	89.282
740.18	87.562
740.36	89.748
740.54	89.009
740.72	90.272
740.90	90.164
741.08	88.672
741.27	89.922
741.45	90.030
741.63	90.717
741.81	90.452
741.99	91.644
742.17	90.451
742.35	90.242
742.53	88.805
742.71	88.993
742.89	90.276
743.07	89.952
743.25	88.380
743.43	89.830
743.61	89.754
743.79	90.214
743.97	90.595
744.15	88.692
744.33	91.125
744.51	89.901
744.69	91.152
744.87	90.580
745.05	90.662
745.23	91.792
745.41	90.367
745.59	89.800
745.77	91.673
745.95	90.488
746.13	90.700
746.31	91.024
746.50	89.804
746.68	92.187
746.86	89.570
747.04	92.814
747.22	91.372
747.40	89.434
747.58	91.619
747.76	92.446
747.94	92.050
748.12	90.715
748.30	90.819
748.48	90.685
748.66	91.227
748.84	91.621
749.02	92.955
749.20	91.778
749.38	92.096
749.55	91.620
749.73	90.013
749.91	92.059
750.09	91.267
750.27	91.952
750.45	89.652
750.63	92.131
750.81	91.631
750.99	91.113
751.17	93.577
751.35	93.234
751.53	92.066
751.71	91.871
751.89	92.957
752.07	91.298
752.25	91.480
752.43	91.236
752.61	92.493
752.79	92.042
752.97	91.622
753.15	93.099
753.33	93.236
753.51	92.209
753.69	92.872
753.87	91.512
754.05	92.420
754.23	91.762
754.41	91.404
754.59	91.718
754.76	91.619
754.94	93.946
755.12	93.224
755.30	93.346
755.48	94.609
755.66	93.628
755.84	92.015
756.02	93.819
756.20	91.876
756.38	91.035
756.56	92.042
756.74	93.289
756.92	91.993
757.10	92.458
757.28	93.884
757.45	92.763
757.63	91.387
757.81	91.745
757.99	92.572
758.17	90.877
758.35	93.912
758.53	93.681
758.71	92.980
758.89	92.523
759.07	94.205
759.25	95.134
759.42	95.277
759.60	93.147
759.78	93.688
759.96	94.221
760.14	92.250
760.32	94.340
760.50	93.342
760.68	94.888
760.86	94.000
761.03	93.131
761.21	92.249
761.39	92.923
761.57	95.501
761.75	94.946
761.93	93.304
762.11	93.177
762.29	94.179
762.47	93.978
762.64	92.717
762.82	94.401
763.00	93.812
763.18	94.378
763.36	95.034
763.54	95.564
763.72	95.019
763.90	94.656
764.07	94.125
764.25	95.024
764.43	95.876
764.61	92.619
764.79	95.583
764.97	94.788
765.15	94.753
765.32	94.854
765.50	95.566
765.68	94.340
765.86	95.109
766.04	94.341
766.22	93.573
766.39	93.585
766.57	94.710
766.75	95.099
766.93	95.075
767.11	96.476
767.29	94.073
767.46	93.735
767.64	94.633
767.82	95.181
768.00	95.341
768.18	94.605
768.36	95.982
768.53	94.307
768.71	95.134
768.89	96.074
769.07	95.324
769.25	93.568
769.43	95.142
769.60	93.401
769.78	94.684
769.96	96.716
770.14	97.414
770.32	95.886
770.49	95.676
770.67	97.462
770.85	96.326
771.03	94.467
771.21	95.105
771.38	93.928
771.56	95.021
771.74	96.610
771.92	95.855
772.10	98.097
772.27	98.240
772.45	96.856
772.63	95.645
772.81	96.844
772.99	96.204
773.16	97.585
773.34	98.304
773.52	97.225
773.70	95.714
773.87	97.043
774.05	97.944
774.23	96.760
774.41	98.336
774.59	97.575
774.76	96.201
774.94	95.694
775.12	96.467
775.30	97.109
775.47	95.846
775.65	97.517
775.83	94.144
776.01	96.743
776.18	95.240
776.36	95.705
776.54	96.424
776.72	98.090
776.89	96.640
777.07	97.096
777.25	97.499
777.43	96.213
777.60	97.793
777.78	98.161
777.96	98.249
778.14	98.056
778.31	98.235
778.49	96.328
778.67	97.236
778.85	98.985
779.02	99.724
779.20	99.577
779.38	98.529
779.55	98.172
779.73	98.060
779.91	96.992
780.09	98.493
780.26	98.226
780.44	99.460
780.62	101.394
780.80	98.209
780.97	98.468
781.15	98.287
781.33	97.925
781.50	98.331
781.68	98.233
781.86	97.827
782.03	99.121
782.21	97.129
782.39	99.049
782.57	98.550
782.74	98.357
782.92	98.357
783.10	100.016
783.27	98.498
783.45	99.754
783.63	98.800
783.80	99.575
783.98	99.343
784.16	98.264
784.34	98.364
784.51	98.268
784.69	98.374
784.87	98.721
785.04	98.882
785.22	99.422
785.40	101.515
785.57	98.311
785.75	100.035
785.93	100.874
786.10	98.844
786.28	99.956
786.46	98.823
786.63	101.113
786.81	100.056
786.99	100.964
787.16	101.159
787.34	100.768
787.52	99.888
787.69	100.344
787.87	99.862
788.05	99.453
788.22	98.918
788.40	100.844
788.57	98.024
788.75	98.761
788.93	99.839
789.10	99.852
789.28	97.818
789.46	100.079
789.63	99.077
789.81	100.895
789.99	100.122
790.16	98.459
790.34	98.098
790.51	100.115
790.69	99.030
790.87	101.127
791.04	99.260
791.22	98.776
791.40	101.400
791.57	98.187
791.75	99.999
791.92	99.041
792.10	100.026
792.28	100.764
792.45	99.355
792.63	99.856
792.81	99.457
792.98	98.722
793.16	101.664
793.33	98.695
793.51	101.028
793.69	99.586
793.86	100.816
794.04	99.971
794.21	100.798
794.39	100.621
794.57	97.773
794.74	98.598
794.92	98.557
795.09	99.080
795.27	98.150
795.44	97.849
795.62	98.841
795.80	100.146
795.97	99.510
796.15	100.155
796.32	101.763
796.50	102.336
796.68	99.267
796.85	100.551
797.03	101.961
797.20	102.862
797.38	103.595
797.55	104.282
797.73	101.255
797.90	101.149
798.08	102.721
798.26	103.165
798.43	102.194
798.61	102.235
798.78	101.296
798.96	101.877
799.13	101.850
799.31	103.644
799.48	102.293
799.66	100.955
799.84	101.240
800.01	102.503
800.19	102.468
800.36	100.262
800.54	101.022
800.71	102.783
800.89	101.762
801.06	104.061
801.24	102.236
801.41	103.453
801.59	102.151
801.76	101.469
801.94	105.164
802.12	99.751
802.29	102.076
802.47	102.560
802.64	103.637
802.82	104.261
802.99	103.823
803.17	104.183
803.34	102.445
803.52	100.190
803.69	103.007
803.87	100.999
804.04	102.796
804.22	102.197
804.39	102.459
804.57	101.198
804.74	100.899
804.92	100.211
805.09	99.438
805.27	102.422
805.44	101.453
805.62	103.942
805.79	100.572
805.97	103.817
806.14	103.460
806.32	101.775
806.49	100.726
806.67	103.806
806.84	103.352
807.02	106.171
807.19	103.512
807.36	103.396
807.54	101.969
807.71	103.083
807.89	104.502
808.06	102.768
808.24	101.154
808.41	102.282
808.59	99.101
808.76	102.464
808.94	104.554
809.11	100.954
809.29	102.495
809.46	103.795
809.64	103.242
809.81	101.972
809.98	101.184
810.16	104.643
810.33	103.986
810.51	105.822
810.68	104.871
810.86	101.967
811.03	105.415
811.21	103.291
811.38	103.911
811.55	104.673
811.73	104.456
811.90	103.961
812.08	103.626
812.25	104.221
812.43	101.823
812.60	101.406
812.77	101.957
812.95	102.627
813.12	104.815
813.30	104.893
813.47	102.145
813.65	103.877
813.82	101.784
813.99	101.369
814.17	104.272
814.34	103.046
814.52	107.017
814.69	105.213
814.86	102.566
815.04	104.983
815.21	103.245
815.39	101.918
815.56	104.416
815.73	107.334
815.91	103.528
816.08	108.878
816.26	105.908
816.43	103.979
816.60	102.401
816.78	103.854
816.95	106.525
817.13	105.133
817.30	106.124
817.47	104.275
817.65	104.848
817.82	101.906
817.99	107.348
818.17	103.776
818.34	106.133
818.52	103.948
818.69	106.199
818.86	103.662
819.04	107.990
819.21	104.601
819.38	103.691
819.56	104.396
819.73	105.100
819.91	104.464
820.08	104.017
820.25	105.962
820.43	103.228
820.60	106.738
820.77	105.772
820.95	105.059
821.12	106.168
821.29	107.416
821.47	104.613
821.64	108.672
821.81	103.030
821.99	104.983
822.16	105.091
822.33	108.568
822.51	104.565
822.68	104.181
822.85	105.924
823.03	105.049
823.20	107.176
823.37	106.150
823.55	103.599
823.72	106.092
823.89	104.751
824.07	104.735
824.24	106.264
824.41	106.706
824.59	105.112
824.76	104.982
824.93	104.826
825.11	104.135
825.28	105.566
825.45	106.323
825.63	104.360
825.80	104.003
825.97	107.023
826.14	104.167
826.32	104.397
826.49	103.634
826.66	104.298
826.84	107.126
827.01	103.934
827.18	103.278
827.35	106.532
827.53	106.545
827.70	103.341
827.87	104.238
828.05	103.166
828.22	102.508
828.39	107.021
828.56	106.605
828.74	105.442
828.91	108.044
829.08	104.409
829.26	103.988
829.43	107.769
829.60	108.870
829.77	109.152
829.95	107.771
830.12	104.835
830.29	105.508
830.46	106.288
830.64	104.374
830.81	106.082
830.98	104.893
831.15	109.045
831.33	105.451
831.50	105.533
831.67	106.737
831.84	105.692
832.02	104.902
832.19	107.264
832.36	107.882
832.53	106.673
832.71	105.351
832.88	105.633
833.05	104.993
833.22	109.071
833.40	105.924
833.57	106.941
833.74	106.436
833.91	106.290
834.09	110.897
834.26	107.653
834.43	105.048
834.60	104.527
834.77	104.947
834.95	109.831
835.12	106.037
835.29	103.701
835.46	107.835
835.63	106.598
835.81	104.905
835.98	104.922
836.15	106.693
836.32	106.526
836.49	106.016
836.67	108.141
836.84	106.251
837.01	107.858
837.18	111.087
837.35	105.221
837.53	106.623
837.70	107.313
837.87	105.927
838.04	106.823
838.21	111.368
838.39	110.954
838.56	108.243
838.73	107.084
838.90	107.929
839.07	105.983
839.25	106.013
839.42	105.307
839.59	106.188
839.76	104.405
839.93	106.784
840.10	108.253
840.28	108.863
840.45	109.256
840.62	104.590
840.79	107.638
840.96	108.981
841.13	104.952
841.30	106.570
841.48	106.514
841.65	107.489
841.82	107.279
841.99	107.414
842.16	104.565
842.33	106.648
842.51	107.043
842.68	106.915
842.85	105.351
843.02	104.139
843.19	109.522
843.36	104.391
843.53	108.419
843.71	107.826
843.88	106.615
844.05	107.232
844.22	106.281
844.39	108.295
844.56	110.938
844.73	109.984
844.90	108.982
845.08	107.383
845.25	107.087
845.42	106.115
845.59	107.499
845.76	105.512
845.93	109.071
846.10	105.693
846.27	107.864
846.44	106.313
846.62	105.282
846.79	103.461
846.96	104.498
847.13	105.762
847.30	106.740
847.47	107.840
847.64	104.672
847.81	109.357
847.98	107.126
848.15	105.831
848.32	108.228
848.50	112.983
848.67	111.658
848.84	109.409
849.01	106.886
849.18	109.299
849.35	109.873
849.52	110.410
849.69	110.624
849.86	107.469
850.03	110.341
850.20	105.589
850.37	108.627
850.54	108.647
850.72	112.971
850.89	108.370
851.06	109.969
851.23	110.577
851.40	108.949
851.57	110.727
851.74	110.395
851.91	108.731
852.08	110.851
852.25	108.968
852.42	106.192
852.59	111.986
852.76	106.802
852.93	108.416
853.10	111.127
853.27	108.465
853.44	108.374
853.61	103.120
853.78	108.465
853.95	107.923
854.13	110.815
854.30	108.563
854.47	112.936
854.64	107.504
854.81	114.494
854.98	112.939
855.15	107.408
855.32	110.949
855.49	110.871
855.66	110.047
855.83	110.598
856.00	111.743
856.17	114.127
856.34	107.725
856.51	111.790
856.68	113.522
856.85	111.320
857.02	107.325
857.19	110.059
857.36	107.817
857.53	108.841
857.70	110.744
857.87	110.119
858.04	110.970
858.21	109.154
858.38	111.165
858.55	111.868
858.72	113.182
858.89	108.220
859.06	109.152
859.23	110.029
859.40	111.579
859.57	109.527
859.74	112.086
859.91	111.335
860.08	112.777
860.25	111.048
860.41	107.936
860.58	111.405
860.75	112.220
860.92	110.953
861.09	111.445
861.26	109.930
861.43	111.816
861.60	111.773
861.77	110.943
861.94	114.505
862.11	113.626
862.28	111.737
862.45	112.373
862.62	113.304
862.79	111.380
862.96	113.869
863.13	111.382
863.30	111.304
863.47	108.053
863.64	112.313
863.81	115.057
863.97	111.861
864.14	111.227
864.31	113.504
864.48	106.708
864.65	110.377
864.82	111.109
864.99	114.039
865.16	113.730
865.33	110.472
865.50	115.112
865.67	113.329
865.84	110.608
866.01	116.047
866.17	110.646
866.34	111.813
866.51	110.589
866.68	109.810
866.85	116.645
867.02	109.847
867.19	109.519
867.36	112.902
867.53	111.434
867.70	110.528
867.86	114.733
868.03	109.965
868.20	113.442
868.37	116.594
868.54	113.099
868.71	108.774
868.88	108.829
869.05	112.720
869.22	112.875
869.38	113.070
869.55	111.067
869.72	108.534
869.89	110.155
870.06	112.236
870.23	115.596
870.40	119.034
870.57	117.828
870.73	111.410
870.90	116.280
871.07	111.587
871.24	115.004
871.41	110.639
871.58	109.213
871.75	107.845
871.91	110.980
872.08	114.510
872.25	114.091
872.42	111.693
872.59	111.655
872.76	109.780
872.93	115.722
873.09	115.087
873.26	110.647
873.43	114.981
873.60	110.418
873.77	107.700
873.94	112.798
874.10	112.994
874.27	110.119
874.44	112.544
874.61	111.444
874.78	113.346
874.95	114.441
875.11	113.873
875.28	114.076
875.45	116.535
875.62	118.477
875.79	110.759
875.95	110.082
876.12	117.678
876.29	115.418
876.46	109.283
876.63	114.301
876.80	113.710
876.96	115.617
877.13	114.535
877.30	112.097
877.47	115.481
877.64	113.809
877.80	113.180
877.97	112.368
878.14	112.310
878.31	112.197
878.47	110.399
878.64	113.368
878.81	114.307
878.98	111.253
879.15	113.806
879.31	115.410
879.48	116.168
879.65	112.350
879.82	115.347
879.98	114.780
880.15	112.320
880.32	112.089
880.49	110.961
880.66	116.133
880.82	113.966
880.99	115.327
881.16	115.195
881.33	120.212
881.49	118.468
881.66	114.126
881.83	114.128
882.00	112.362
882.16	116.672
882.33	114.520
882.50	111.540
882.67	116.032
882.83	116.036
883.00	116.041
883.17	116.045
883.34	116.049
883.50	116.054
