x-axis,1,2
second,Volt,Volt
-50.02000E-03,,
-49.97000E-03,+82.91455E-03,-271.71482E-03
-49.92000E-03,+95.47736E-03,-271.71482E-03
-49.87000E-03,+183.41706E-03,-265.68467E-03
-49.82000E-03,+82.91455E-03,-259.65452E-03
-49.77000E-03,+183.41706E-03,-259.65452E-03
-49.72000E-03,+82.91455E-03,-259.65452E-03
-49.67000E-03,+195.97987E-03,-259.65452E-03
-49.62000E-03,+95.47736E-03,-259.65452E-03
-49.57000E-03,+183.41706E-03,-259.65452E-03
-49.52000E-03,+283.91957E-03,-271.71482E-03
-49.47000E-03,+183.41706E-03,-271.71482E-03
-49.42000E-03,+82.91455E-03,-270.96105E-03
-49.37000E-03,+82.91455E-03,-271.71482E-03
-49.32000E-03,+283.91957E-03,-271.71482E-03
-49.27000E-03,+82.91455E-03,-271.71482E-03
-49.22000E-03,+82.91455E-03,-270.96105E-03
-49.17000E-03,+183.41706E-03,-271.71482E-03
-49.12000E-03,+283.91957E-03,-259.65452E-03
-49.07000E-03,+183.41706E-03,-264.93090E-03
-49.02000E-03,+283.91957E-03,-259.65452E-03
-48.97000E-03,+195.97987E-03,-271.71482E-03
-48.92000E-03,+283.91957E-03,-270.96105E-03
-48.87000E-03,+195.97987E-03,-265.68467E-03
-48.82000E-03,+82.91455E-03,-259.65452E-03
-48.77000E-03,+283.91957E-03,-271.71482E-03
-48.72000E-03,+82.91455E-03,-259.65452E-03
-48.67000E-03,+183.41706E-03,-265.68467E-03
-48.62000E-03,+82.91455E-03,-271.71482E-03
-48.57000E-03,+195.97987E-03,-264.93090E-03
-48.52000E-03,+82.91455E-03,-270.96105E-03
-48.47000E-03,+82.91455E-03,-264.93090E-03
-48.42000E-03,+283.91957E-03,-259.65452E-03
-48.37000E-03,+82.91455E-03,-253.62437E-03
-48.32000E-03,+82.91455E-03,-271.71482E-03
-48.27000E-03,+82.91455E-03,-265.68467E-03
-48.22000E-03,+283.91957E-03,-259.65452E-03
-48.17000E-03,+183.41706E-03,-265.68467E-03
-48.12000E-03,+82.91455E-03,-271.71482E-03
-48.07000E-03,+183.41706E-03,-264.93090E-03
-48.02000E-03,+82.91455E-03,-259.65452E-03
-47.97000E-03,+82.91455E-03,-271.71482E-03
-47.92000E-03,+82.91455E-03,-259.65452E-03
-47.87000E-03,+195.97987E-03,-264.93090E-03
-47.82000E-03,+95.47736E-03,-271.71482E-03
-47.77000E-03,+82.91455E-03,-259.65452E-03
-47.72000E-03,+283.91957E-03,-271.71482E-03
-47.67000E-03,+82.91455E-03,-271.71482E-03
-47.62000E-03,+283.91957E-03,-259.65452E-03
-47.57000E-03,+195.97987E-03,-259.65452E-03
-47.52000E-03,+95.47736E-03,-259.65452E-03
-47.47000E-03,+183.41706E-03,-264.93090E-03
-47.42000E-03,+82.91455E-03,-271.71482E-03
-47.37000E-03,+283.91957E-03,-271.71482E-03
-47.32000E-03,+95.47736E-03,-271.71482E-03
-47.27000E-03,+183.41706E-03,-271.71482E-03
-47.22000E-03,+82.91455E-03,-271.71482E-03
-47.17000E-03,+82.91455E-03,-271.71482E-03
-47.12000E-03,+82.91455E-03,-271.71482E-03
-47.07000E-03,+82.91455E-03,-271.71482E-03
-47.02000E-03,+283.91957E-03,-271.71482E-03
-46.97000E-03,+82.91455E-03,-259.65452E-03
-46.92000E-03,+82.91455E-03,-259.65452E-03
-46.87000E-03,+195.97987E-03,-264.93090E-03
-46.82000E-03,+82.91455E-03,-259.65452E-03
-46.77000E-03,+82.91455E-03,-264.93090E-03
-46.72000E-03,+82.91455E-03,-259.65452E-03
-46.67000E-03,+183.41706E-03,-259.65452E-03
-46.62000E-03,+95.47736E-03,-270.96105E-03
-46.57000E-03,+283.91957E-03,-259.65452E-03
-46.52000E-03,+95.47736E-03,-271.71482E-03
-46.47000E-03,+183.41706E-03,-271.71482E-03
-46.42000E-03,+82.91455E-03,-259.65452E-03
-46.37000E-03,+183.41706E-03,-264.93090E-03
-46.32000E-03,+82.91455E-03,-271.71482E-03
-46.27000E-03,+195.97987E-03,-264.93090E-03
-46.22000E-03,+283.91957E-03,-271.71482E-03
-46.17000E-03,+195.97987E-03,-265.68467E-03
-46.12000E-03,+82.91455E-03,-271.71482E-03
-46.07000E-03,+195.97987E-03,-265.68467E-03
-46.02000E-03,+283.91957E-03,-259.65452E-03
-45.97000E-03,+82.91455E-03,-259.65452E-03
-45.92000E-03,+95.47736E-03,-259.65452E-03
-45.87000E-03,+283.91957E-03,-264.93090E-03
-45.82000E-03,+82.91455E-03,-259.65452E-03
-45.77000E-03,+195.97987E-03,-259.65452E-03
-45.72000E-03,+95.47736E-03,-259.65452E-03
-45.67000E-03,+82.91455E-03,-259.65452E-03
-45.62000E-03,+283.91957E-03,-270.96105E-03
-45.57000E-03,+82.91455E-03,-264.93090E-03
-45.52000E-03,+82.91455E-03,-270.96105E-03
-45.47000E-03,+195.97987E-03,-259.65452E-03
-45.42000E-03,+95.47736E-03,-259.65452E-03
-45.37000E-03,+82.91455E-03,-264.93090E-03
-45.32000E-03,+82.91455E-03,-259.65452E-03
-45.27000E-03,+82.91455E-03,-264.93090E-03
-45.22000E-03,+95.47736E-03,-259.65452E-03
-45.17000E-03,+82.91455E-03,-265.68467E-03
-45.12000E-03,+82.91455E-03,-259.65452E-03
-45.07000E-03,+283.91957E-03,-265.68467E-03
-45.02000E-03,+283.91957E-03,-271.71482E-03
-44.97000E-03,+195.97987E-03,-277.74497E-03
-44.92000E-03,+95.47736E-03,-259.65452E-03
-44.87000E-03,+195.97987E-03,-259.65452E-03
-44.82000E-03,+82.91455E-03,-271.71482E-03
-44.77000E-03,+82.91455E-03,-271.71482E-03
-44.72000E-03,+82.91455E-03,-270.96105E-03
-44.67000E-03,+283.91957E-03,-271.71482E-03
-44.62000E-03,+82.91455E-03,-271.71482E-03
-44.57000E-03,+195.97987E-03,-271.71482E-03
-44.52000E-03,+82.91455E-03,-271.71482E-03
-44.47000E-03,+195.97987E-03,-265.68467E-03
-44.42000E-03,+82.91455E-03,-271.71482E-03
-44.37000E-03,+82.91455E-03,-277.74497E-03
-44.32000E-03,+82.91455E-03,-270.96105E-03
-44.27000E-03,+195.97987E-03,-264.93090E-03
-44.22000E-03,+95.47736E-03,-271.71482E-03
-44.17000E-03,+82.91455E-03,-264.93090E-03
-44.12000E-03,+283.91957E-03,-271.71482E-03
-44.07000E-03,+82.91455E-03,-259.65452E-03
-44.02000E-03,+82.91455E-03,-259.65452E-03
-43.97000E-03,+82.91455E-03,-264.93090E-03
-43.92000E-03,+95.47736E-03,-270.96105E-03
-43.87000E-03,+183.41706E-03,-271.71482E-03
-43.82000E-03,+82.91455E-03,-270.96105E-03
-43.77000E-03,+183.41706E-03,-271.71482E-03
-43.72000E-03,+82.91455E-03,-259.65452E-03
-43.67000E-03,+82.91455E-03,-271.71482E-03
-43.62000E-03,+82.91455E-03,-271.71482E-03
-43.57000E-03,+195.97987E-03,-259.65452E-03
-43.52000E-03,+82.91455E-03,-259.65452E-03
-43.47000E-03,+183.41706E-03,-271.71482E-03
-43.42000E-03,+82.91455E-03,-259.65452E-03
-43.37000E-03,+82.91455E-03,-271.71482E-03
-43.32000E-03,+82.91455E-03,-271.71482E-03
-43.27000E-03,+82.91455E-03,-271.71482E-03
-43.22000E-03,+95.47736E-03,-271.71482E-03
-43.17000E-03,+283.91957E-03,-271.71482E-03
-43.12000E-03,+95.47736E-03,-271.71482E-03
-43.07000E-03,+82.91455E-03,-271.71482E-03
-43.02000E-03,+283.91957E-03,-271.71482E-03
-42.97000E-03,+82.91455E-03,-271.71482E-03
-42.92000E-03,+82.91455E-03,-271.71482E-03
-42.87000E-03,+82.91455E-03,-271.71482E-03
-42.82000E-03,+82.91455E-03,-271.71482E-03
-42.77000E-03,+82.91455E-03,-271.71482E-03
-42.72000E-03,+82.91455E-03,-283.02135E-03
-42.67000E-03,+183.41706E-03,-271.71482E-03
-42.62000E-03,+283.91957E-03,-271.71482E-03
-42.57000E-03,+183.41706E-03,-271.71482E-03
-42.52000E-03,+283.91957E-03,-270.96105E-03
-42.47000E-03,+195.97987E-03,-271.71482E-03
-42.42000E-03,+82.91455E-03,-271.71482E-03
-42.37000E-03,+195.97987E-03,-271.71482E-03
-42.32000E-03,+283.91957E-03,-271.71482E-03
-42.27000E-03,+82.91455E-03,-271.71482E-03
-42.22000E-03,+95.47736E-03,-270.96105E-03
-42.17000E-03,+82.91455E-03,-265.68467E-03
-42.12000E-03,+283.91957E-03,-271.71482E-03
-42.07000E-03,+82.91455E-03,-271.71482E-03
-42.02000E-03,+82.91455E-03,-270.96105E-03
-41.97000E-03,+82.91455E-03,-264.93090E-03
-41.92000E-03,+82.91455E-03,-259.65452E-03
-41.87000E-03,+195.97987E-03,-271.71482E-03
-41.82000E-03,+283.91957E-03,-259.65452E-03
-41.77000E-03,+82.91455E-03,-271.71482E-03
-41.72000E-03,+95.47736E-03,-271.71482E-03
-41.67000E-03,+283.91957E-03,-264.93090E-03
-41.62000E-03,+95.47736E-03,-271.71482E-03
-41.57000E-03,+82.91455E-03,-259.65452E-03
-41.52000E-03,+95.47736E-03,-259.65452E-03
-41.47000E-03,+195.97987E-03,-259.65452E-03
-41.42000E-03,+82.91455E-03,-259.65452E-03
-41.37000E-03,+183.41706E-03,-271.71482E-03
-41.32000E-03,+82.91455E-03,-259.65452E-03
-41.27000E-03,+82.91455E-03,-259.65452E-03
-41.22000E-03,+283.91957E-03,-271.71482E-03
-41.17000E-03,+82.91455E-03,-259.65452E-03
-41.12000E-03,+283.91957E-03,-271.71482E-03
-41.07000E-03,+82.91455E-03,-271.71482E-03
-41.02000E-03,+283.91957E-03,-259.65452E-03
-40.97000E-03,+195.97987E-03,-265.68467E-03
-40.92000E-03,+283.91957E-03,-259.65452E-03
-40.87000E-03,+183.41706E-03,-265.68467E-03
-40.82000E-03,+82.91455E-03,-271.71482E-03
-40.77000E-03,+82.91455E-03,-264.93090E-03
-40.72000E-03,+82.91455E-03,-271.71482E-03
-40.67000E-03,+82.91455E-03,-271.71482E-03
-40.62000E-03,+283.91957E-03,-259.65452E-03
-40.57000E-03,+82.91455E-03,-259.65452E-03
-40.52000E-03,+283.91957E-03,-271.71482E-03
-40.47000E-03,+82.91455E-03,-264.93090E-03
-40.42000E-03,+82.91455E-03,-271.71482E-03
-40.37000E-03,+195.97987E-03,-271.71482E-03
-40.32000E-03,+82.91455E-03,-271.71482E-03
-40.27000E-03,+82.91455E-03,-265.68467E-03
-40.22000E-03,+82.91455E-03,-259.65452E-03
-40.17000E-03,+183.41706E-03,-271.71482E-03
-40.12000E-03,+283.91957E-03,-270.96105E-03
-40.07000E-03,+195.97987E-03,-271.71482E-03
-40.02000E-03,+82.91455E-03,-271.71482E-03
-39.97000E-03,+283.91957E-03,-265.68467E-03
-39.92000E-03,+82.91455E-03,-271.71482E-03
-39.87000E-03,+183.41706E-03,-271.71482E-03
-39.82000E-03,+283.91957E-03,-271.71482E-03
-39.77000E-03,+82.91455E-03,-271.71482E-03
-39.72000E-03,+283.91957E-03,-271.71482E-03
-39.67000E-03,+82.91455E-03,-271.71482E-03
-39.62000E-03,+82.91455E-03,-270.96105E-03
-39.57000E-03,+183.41706E-03,-259.65452E-03
-39.52000E-03,+283.91957E-03,-271.71482E-03
-39.47000E-03,+82.91455E-03,-265.68467E-03
-39.42000E-03,+283.91957E-03,-271.71482E-03
-39.37000E-03,+283.91957E-03,-271.71482E-03
-39.32000E-03,+82.91455E-03,-271.71482E-03
-39.27000E-03,+195.97987E-03,-271.71482E-03
-39.22000E-03,+82.91455E-03,-259.65452E-03
-39.17000E-03,+195.97987E-03,-259.65452E-03
-39.12000E-03,+95.47736E-03,-271.71482E-03
-39.07000E-03,+82.91455E-03,-259.65452E-03
-39.02000E-03,+82.91455E-03,-259.65452E-03
-38.97000E-03,+82.91455E-03,-271.71482E-03
-38.92000E-03,+82.91455E-03,-270.96105E-03
-38.87000E-03,+195.97987E-03,-259.65452E-03
-38.82000E-03,+82.91455E-03,-271.71482E-03
-38.77000E-03,+183.41706E-03,-271.71482E-03
-38.72000E-03,+82.91455E-03,-270.96105E-03
-38.67000E-03,+82.91455E-03,-259.65452E-03
-38.62000E-03,+82.91455E-03,-259.65452E-03
-38.57000E-03,+195.97987E-03,-271.71482E-03
-38.52000E-03,+82.91455E-03,-271.71482E-03
-38.47000E-03,+82.91455E-03,-265.68467E-03
-38.42000E-03,+82.91455E-03,-259.65452E-03
-38.37000E-03,+195.97987E-03,-265.68467E-03
-38.32000E-03,+283.91957E-03,-259.65452E-03
-38.27000E-03,+82.91455E-03,-271.71482E-03
-38.22000E-03,+283.91957E-03,-259.65452E-03
-38.17000E-03,+183.41706E-03,-271.71482E-03
-38.12000E-03,+95.47736E-03,-271.71482E-03
-38.07000E-03,+82.91455E-03,-259.65452E-03
-38.02000E-03,+82.91455E-03,-271.71482E-03
-37.97000E-03,+183.41706E-03,-265.68467E-03
-37.92000E-03,+82.91455E-03,-270.96105E-03
-37.87000E-03,+82.91455E-03,-259.65452E-03
-37.82000E-03,+95.47736E-03,-270.96105E-03
-37.77000E-03,+183.41706E-03,-265.68467E-03
-37.72000E-03,+82.91455E-03,-270.96105E-03
-37.67000E-03,+183.41706E-03,-264.93090E-03
-37.62000E-03,+82.91455E-03,-271.71482E-03
-37.57000E-03,+183.41706E-03,-271.71482E-03
-37.52000E-03,+82.91455E-03,-259.65452E-03
-37.47000E-03,+183.41706E-03,-271.71482E-03
-37.42000E-03,+283.91957E-03,-271.71482E-03
-37.37000E-03,+82.91455E-03,-265.68467E-03
-37.32000E-03,+82.91455E-03,-270.96105E-03
-37.27000E-03,+183.41706E-03,-264.93090E-03
-37.22000E-03,+283.91957E-03,-271.71482E-03
-37.17000E-03,+183.41706E-03,-271.71482E-03
-37.12000E-03,+283.91957E-03,-270.96105E-03
-37.07000E-03,+195.97987E-03,-271.71482E-03
-37.02000E-03,+82.91455E-03,-259.65452E-03
-36.97000E-03,+82.91455E-03,-271.71482E-03
-36.92000E-03,+95.47736E-03,-259.65452E-03
-36.87000E-03,+82.91455E-03,-265.68467E-03
-36.82000E-03,+82.91455E-03,-271.71482E-03
-36.77000E-03,+195.97987E-03,-271.71482E-03
-36.72000E-03,+283.91957E-03,-259.65452E-03
-36.67000E-03,+82.91455E-03,-264.93090E-03
-36.62000E-03,+283.91957E-03,-271.71482E-03
-36.57000E-03,+195.97987E-03,-271.71482E-03
-36.52000E-03,+82.91455E-03,-259.65452E-03
-36.47000E-03,+195.97987E-03,-259.65452E-03
-36.42000E-03,+283.91957E-03,-259.65452E-03
-36.37000E-03,+82.91455E-03,-271.71482E-03
-36.32000E-03,+82.91455E-03,-271.71482E-03
-36.27000E-03,+82.91455E-03,-265.68467E-03
-36.22000E-03,+95.47736E-03,-259.65452E-03
-36.17000E-03,+82.91455E-03,-271.71482E-03
-36.12000E-03,+82.91455E-03,-270.96105E-03
-36.07000E-03,+283.91957E-03,-271.71482E-03
-36.02000E-03,+95.47736E-03,-259.65452E-03
-35.97000E-03,+195.97987E-03,-271.71482E-03
-35.92000E-03,+283.91957E-03,-259.65452E-03
-35.87000E-03,+183.41706E-03,-265.68467E-03
-35.82000E-03,+3.50000000E+00,-271.71482E-03
-35.77000E-03,+3.70100503E+00,-259.65452E-03
-35.72000E-03,+3.50000000E+00,-259.65452E-03
-35.67000E-03,+3.60050251E+00,-259.65452E-03
-35.62000E-03,+3.50000000E+00,-247.59422E-03
-35.57000E-03,+3.58793970E+00,-253.62437E-03
-35.52000E-03,+3.70100503E+00,-247.59422E-03
-35.47000E-03,+3.58793970E+00,-252.87060E-03
-35.42000E-03,+3.68844221E+00,-247.59422E-03
-35.37000E-03,+3.60050251E+00,-241.56407E-03
-35.32000E-03,+3.50000000E+00,-223.47362E-03
-35.27000E-03,+3.58793970E+00,-240.81030E-03
-35.22000E-03,+3.68844221E+00,-246.84045E-03
-35.17000E-03,+3.50000000E+00,-235.53392E-03
-35.12000E-03,+3.50000000E+00,-223.47362E-03
-35.07000E-03,+3.70100503E+00,-235.53392E-03
-35.02000E-03,+3.70100503E+00,-223.47362E-03
-34.97000E-03,+3.60050251E+00,-223.47362E-03
-34.92000E-03,+3.50000000E+00,-223.47362E-03
-34.87000E-03,+3.50000000E+00,-216.68970E-03
-34.82000E-03,+3.70100503E+00,-223.47362E-03
-34.77000E-03,+3.58793970E+00,-211.41331E-03
-34.72000E-03,+3.50000000E+00,-211.41331E-03
-34.67000E-03,+3.58793970E+00,-211.41331E-03
-34.62000E-03,+3.70100503E+00,-199.35301E-03
-34.57000E-03,+3.60050251E+00,-199.35301E-03
-34.52000E-03,+3.50000000E+00,-199.35301E-03
-34.47000E-03,+3.60050251E+00,-199.35301E-03
-34.42000E-03,+3.50000000E+00,-210.65955E-03
-34.37000E-03,+3.50000000E+00,-199.35301E-03
-34.32000E-03,+3.70100503E+00,-198.59924E-03
-34.27000E-03,+3.70100503E+00,-199.35301E-03
-34.22000E-03,+3.70100503E+00,-187.29271E-03
-34.17000E-03,+3.60050251E+00,-187.29271E-03
-34.12000E-03,+3.68844221E+00,-187.29271E-03
-34.07000E-03,+3.58793970E+00,-187.29271E-03
-34.02000E-03,+3.70100503E+00,-175.23241E-03
-33.97000E-03,+3.70100503E+00,-187.29271E-03
-33.92000E-03,+3.68844221E+00,-175.23241E-03
-33.87000E-03,+3.50000000E+00,-175.23241E-03
-33.82000E-03,+3.70100503E+00,-163.17211E-03
-33.77000E-03,+3.50000000E+00,-169.20226E-03
-33.72000E-03,+3.70100503E+00,-163.17211E-03
-33.67000E-03,+3.58793970E+00,-163.17211E-03
-33.62000E-03,+3.70100503E+00,-163.17211E-03
-33.57000E-03,+3.58793970E+00,-157.14196E-03
-33.52000E-03,+3.50000000E+00,-163.17211E-03
-33.47000E-03,+3.58793970E+00,-151.11181E-03
-33.42000E-03,+3.70100503E+00,-162.41834E-03
-33.37000E-03,+3.58793970E+00,-151.11181E-03
-33.32000E-03,+3.50000000E+00,-151.11181E-03
-33.27000E-03,+3.70100503E+00,-151.11181E-03
-33.22000E-03,+3.50000000E+00,-150.35804E-03
-33.17000E-03,+3.60050251E+00,-145.08166E-03
-33.12000E-03,+3.50000000E+00,-139.05151E-03
-33.07000E-03,+3.50000000E+00,-145.08166E-03
-33.02000E-03,+3.50000000E+00,-139.05151E-03
-32.97000E-03,+3.58793970E+00,-133.02136E-03
-32.92000E-03,+3.70100503E+00,-139.05151E-03
-32.87000E-03,+3.50000000E+00,-132.26759E-03
-32.82000E-03,+3.50000000E+00,-126.99120E-03
-32.77000E-03,+3.60050251E+00,-133.02136E-03
-32.72000E-03,+3.50000000E+00,-126.99120E-03
-32.67000E-03,+3.70100503E+00,-126.99120E-03
-32.62000E-03,+3.50000000E+00,-126.99120E-03
-32.57000E-03,+3.70100503E+00,-114.93090E-03
-32.52000E-03,+3.50000000E+00,-114.93090E-03
-32.47000E-03,+3.58793970E+00,-120.96105E-03
-32.42000E-03,+3.50000000E+00,-126.23744E-03
-32.37000E-03,+3.60050251E+00,-108.90075E-03
-32.32000E-03,+3.50000000E+00,-114.17713E-03
-32.27000E-03,+3.70100503E+00,-108.14698E-03
-32.22000E-03,+3.50000000E+00,-102.87060E-03
-32.17000E-03,+3.60050251E+00,-102.87060E-03
-32.12000E-03,+3.70100503E+00,-114.93090E-03
-32.07000E-03,+3.50000000E+00,-102.87060E-03
-32.02000E-03,+3.68844221E+00,-102.87060E-03
-31.97000E-03,+3.58793970E+00,-102.87060E-03
-31.92000E-03,+3.70100503E+00,-102.87060E-03
-31.87000E-03,+3.50000000E+00,-102.87060E-03
-31.82000E-03,+3.70100503E+00,-90.81030E-03
-31.77000E-03,+3.70100503E+00,-90.81030E-03
-31.72000E-03,+3.70100503E+00,-102.11683E-03
-31.67000E-03,+3.70100503E+00,-96.08668E-03
-31.62000E-03,+3.50000000E+00,-90.81030E-03
-31.57000E-03,+3.58793970E+00,-84.02638E-03
-31.52000E-03,+3.50000000E+00,-90.81030E-03
-31.47000E-03,+3.50000000E+00,-84.02638E-03
-31.42000E-03,+3.50000000E+00,-90.81030E-03
-31.37000E-03,+3.70100503E+00,-78.75000E-03
-31.32000E-03,+3.50000000E+00,-78.75000E-03
-31.27000E-03,+3.50000000E+00,-78.75000E-03
-31.22000E-03,+3.50000000E+00,-67.44347E-03
-31.17000E-03,+3.60050251E+00,-84.78015E-03
-31.12000E-03,+3.50000000E+00,-67.44347E-03
-31.07000E-03,+3.70100503E+00,-72.71985E-03
-31.02000E-03,+3.50000000E+00,-78.75000E-03
-30.97000E-03,+3.60050251E+00,-66.68970E-03
-30.92000E-03,+3.50000000E+00,-66.68970E-03
-30.87000E-03,+3.50000000E+00,-54.62940E-03
-30.82000E-03,+3.70100503E+00,-66.68970E-03
-30.77000E-03,+3.50000000E+00,-61.41332E-03
-30.72000E-03,+3.68844221E+00,-66.68970E-03
-30.67000E-03,+3.60050251E+00,-61.41332E-03
-30.62000E-03,+3.68844221E+00,-54.62940E-03
-30.57000E-03,+3.60050251E+00,-54.62940E-03
-30.52000E-03,+3.68844221E+00,-54.62940E-03
-30.47000E-03,+3.58793970E+00,-54.62940E-03
-30.42000E-03,+3.50000000E+00,-54.62940E-03
-30.37000E-03,+3.58793970E+00,-54.62940E-03
-30.32000E-03,+3.70100503E+00,-54.62940E-03
-30.27000E-03,+3.50000000E+00,-54.62940E-03
-30.22000E-03,+3.70100503E+00,-54.62940E-03
-30.17000E-03,+3.58793970E+00,-42.56910E-03
-30.12000E-03,+3.70100503E+00,-42.56910E-03
-30.07000E-03,+3.60050251E+00,-42.56910E-03
-30.02000E-03,+3.68844221E+00,-42.56910E-03
-29.97000E-03,+3.70100503E+00,-30.50879E-03
-29.92000E-03,+3.70100503E+00,-31.26256E-03
-29.87000E-03,+3.50000000E+00,-37.29271E-03
-29.82000E-03,+3.50000000E+00,-31.26256E-03
-29.77000E-03,+3.50000000E+00,-37.29271E-03
-29.72000E-03,+3.50000000E+00,-42.56910E-03
-29.67000E-03,+3.58793970E+00,-30.50879E-03
-29.62000E-03,+3.68844221E+00,-30.50879E-03
-29.57000E-03,+3.60050251E+00,-30.50879E-03
-29.52000E-03,+3.50000000E+00,-19.20226E-03
-29.47000E-03,+3.60050251E+00,-25.23241E-03
-29.42000E-03,+3.70100503E+00,-30.50879E-03
-29.37000E-03,+3.60050251E+00,-24.47864E-03
-29.32000E-03,+3.50000000E+00,-18.44849E-03
-29.27000E-03,+3.50000000E+00,-18.44849E-03
-29.22000E-03,+3.50000000E+00,-18.44849E-03
-29.17000E-03,+3.58793970E+00,-18.44849E-03
-29.12000E-03,+3.70100503E+00,-18.44849E-03
-29.07000E-03,+3.58793970E+00,-13.17211E-03
-29.02000E-03,+3.70100503E+00,-18.44849E-03
-28.97000E-03,+3.70100503E+00,-18.44849E-03
-28.92000E-03,+3.70100503E+00,-6.38819E-03
-28.87000E-03,+3.58793970E+00,-18.44849E-03
-28.82000E-03,+3.50000000E+00,-6.38819E-03
-28.77000E-03,+3.58793970E+00,-12.41834E-03
-28.72000E-03,+3.70100503E+00,-6.38819E-03
-28.67000E-03,+3.60050251E+00,-6.38819E-03
-28.62000E-03,+3.50000000E+00,+4.91834E-03
-28.57000E-03,+3.50000000E+00,-6.38819E-03
-28.52000E-03,+3.70100503E+00,-6.38819E-03
-28.47000E-03,+3.60050251E+00,-6.38819E-03
-28.42000E-03,+3.50000000E+00,-6.38819E-03
-28.37000E-03,+3.58793970E+00,+5.67211E-03
-28.32000E-03,+3.50000000E+00,+4.91834E-03
-28.27000E-03,+3.60050251E+00,-358.04E-06
-28.22000E-03,+3.68844221E+00,-6.38819E-03
-28.17000E-03,+3.70100503E+00,+5.67211E-03
-28.12000E-03,+3.50000000E+00,+5.67211E-03
-28.07000E-03,+3.50000000E+00,+5.67211E-03
-28.02000E-03,+3.50000000E+00,+5.67211E-03
-27.97000E-03,+3.60050251E+00,+5.67211E-03
-27.92000E-03,+3.50000000E+00,+5.67211E-03
-27.87000E-03,+3.70100503E+00,+17.73241E-03
-27.82000E-03,+3.50000000E+00,+17.73241E-03
-27.77000E-03,+3.60050251E+00,+5.67211E-03
-27.72000E-03,+3.68844221E+00,+17.73241E-03
-27.67000E-03,+3.58793970E+00,+17.73241E-03
-27.62000E-03,+3.70100503E+00,+17.73241E-03
-27.57000E-03,+3.60050251E+00,+17.73241E-03
-27.52000E-03,+3.70100503E+00,+17.73241E-03
-27.47000E-03,+3.60050251E+00,+23.76256E-03
-27.42000E-03,+3.70100503E+00,+17.73241E-03
-27.37000E-03,+3.50000000E+00,+17.73241E-03
-27.32000E-03,+3.50000000E+00,+29.03894E-03
-27.27000E-03,+3.60050251E+00,+29.79271E-03
-27.22000E-03,+3.68844221E+00,+29.79271E-03
-27.17000E-03,+3.58793970E+00,+17.73241E-03
-27.12000E-03,+3.50000000E+00,+29.79271E-03
-27.07000E-03,+3.58793970E+00,+29.79271E-03
-27.02000E-03,+3.70100503E+00,+29.79271E-03
-26.97000E-03,+3.58793970E+00,+29.79271E-03
-26.92000E-03,+3.68844221E+00,+41.85301E-03
-26.87000E-03,+3.58793970E+00,+41.85301E-03
-26.82000E-03,+3.68844221E+00,+29.79271E-03
-26.77000E-03,+3.70100503E+00,+29.79271E-03
-26.72000E-03,+3.50000000E+00,+29.79271E-03
-26.67000E-03,+3.58793970E+00,+35.82286E-03
-26.62000E-03,+3.50000000E+00,+29.79271E-03
-26.57000E-03,+3.70100503E+00,+35.82286E-03
-26.52000E-03,+3.68844221E+00,+41.85301E-03
-26.47000E-03,+3.60050251E+00,+41.85301E-03
-26.42000E-03,+3.50000000E+00,+41.85301E-03
-26.37000E-03,+3.70100503E+00,+41.85301E-03
-26.32000E-03,+3.50000000E+00,+41.85301E-03
-26.27000E-03,+3.50000000E+00,+35.06909E-03
-26.22000E-03,+3.68844221E+00,+29.79271E-03
-26.17000E-03,+3.70100503E+00,+41.85301E-03
-26.12000E-03,+3.70100503E+00,+41.85301E-03
-26.07000E-03,+3.58793970E+00,+47.88317E-03
-26.02000E-03,+3.70100503E+00,+41.85301E-03
-25.97000E-03,+3.50000000E+00,+41.85301E-03
-25.92000E-03,+3.68844221E+00,+53.15955E-03
-25.87000E-03,+3.70100503E+00,+47.12940E-03
-25.82000E-03,+3.50000000E+00,+53.91332E-03
-25.77000E-03,+3.60050251E+00,+53.91332E-03
-25.72000E-03,+3.50000000E+00,+65.21985E-03
-25.67000E-03,+3.58793970E+00,+53.91332E-03
-25.62000E-03,+3.68844221E+00,+53.91332E-03
-25.57000E-03,+3.50000000E+00,+65.97362E-03
-25.52000E-03,+3.50000000E+00,+53.91332E-03
-25.47000E-03,+3.58793970E+00,+59.94347E-03
-25.42000E-03,+3.50000000E+00,+65.97362E-03
-25.37000E-03,+3.70100503E+00,+59.94347E-03
-25.32000E-03,+3.70100503E+00,+53.91332E-03
-25.27000E-03,+3.50000000E+00,+59.18970E-03
-25.22000E-03,+3.50000000E+00,+65.97362E-03
-25.17000E-03,+3.70100503E+00,+53.91332E-03
-25.12000E-03,+3.50000000E+00,+65.97362E-03
-25.07000E-03,+3.50000000E+00,+65.97362E-03
-25.02000E-03,+3.70100503E+00,+65.97362E-03
-24.97000E-03,+3.70100503E+00,+65.97362E-03
-24.92000E-03,+3.50000000E+00,+65.97362E-03
-24.87000E-03,+3.60050251E+00,+72.00377E-03
-24.82000E-03,+3.68844221E+00,+65.97362E-03
-24.77000E-03,+3.58793970E+00,+78.03392E-03
-24.72000E-03,+3.50000000E+00,+78.03392E-03
-24.67000E-03,+3.70100503E+00,+65.97362E-03
-24.62000E-03,+3.68844221E+00,+65.97362E-03
-24.57000E-03,+3.50000000E+00,+72.00377E-03
-24.52000E-03,+3.70100503E+00,+78.03392E-03
-24.47000E-03,+3.58793970E+00,+78.03392E-03
-24.42000E-03,+3.68844221E+00,+78.03392E-03
-24.37000E-03,+3.60050251E+00,+78.03392E-03
-24.32000E-03,+3.50000000E+00,+78.03392E-03
-24.27000E-03,+3.60050251E+00,+78.03392E-03
-24.22000E-03,+3.68844221E+00,+78.03392E-03
-24.17000E-03,+3.50000000E+00,+78.03392E-03
-24.12000E-03,+3.68844221E+00,+89.34045E-03
-24.07000E-03,+3.58793970E+00,+78.03392E-03
-24.02000E-03,+3.70100503E+00,+89.34045E-03
-23.97000E-03,+3.50000000E+00,+84.06407E-03
-23.92000E-03,+3.70100503E+00,+78.03392E-03
-23.87000E-03,+3.58793970E+00,+90.09422E-03
-23.82000E-03,+3.50000000E+00,+90.09422E-03
-23.77000E-03,+3.70100503E+00,+90.09422E-03
-23.72000E-03,+3.70100503E+00,+90.09422E-03
-23.67000E-03,+3.60050251E+00,+83.31030E-03
-23.62000E-03,+3.70100503E+00,+90.09422E-03
-23.57000E-03,+3.60050251E+00,+95.37060E-03
-23.52000E-03,+3.68844221E+00,+90.09422E-03
-23.47000E-03,+3.58793970E+00,+90.09422E-03
-23.42000E-03,+3.70100503E+00,+101.40075E-03
-23.37000E-03,+3.50000000E+00,+102.15452E-03
-23.32000E-03,+3.50000000E+00,+90.09422E-03
-23.27000E-03,+3.58793970E+00,+90.09422E-03
-23.22000E-03,+3.68844221E+00,+90.09422E-03
-23.17000E-03,+3.58793970E+00,+102.15452E-03
-23.12000E-03,+3.68844221E+00,+101.40075E-03
-23.07000E-03,+3.50000000E+00,+90.09422E-03
-23.02000E-03,+3.70100503E+00,+90.09422E-03
-22.97000E-03,+3.60050251E+00,+96.12437E-03
-22.92000E-03,+3.50000000E+00,+102.15452E-03
-22.87000E-03,+3.60050251E+00,+102.15452E-03
-22.82000E-03,+3.68844221E+00,+102.15452E-03
-22.77000E-03,+3.70100503E+00,+102.15452E-03
-22.72000E-03,+3.70100503E+00,+102.15452E-03
-22.67000E-03,+3.58793970E+00,+102.15452E-03
-22.62000E-03,+3.50000000E+00,+102.15452E-03
-22.57000E-03,+3.58793970E+00,+107.43090E-03
-22.52000E-03,+3.50000000E+00,+102.15452E-03
-22.47000E-03,+3.50000000E+00,+102.15452E-03
-22.42000E-03,+3.50000000E+00,+102.15452E-03
-22.37000E-03,+3.50000000E+00,+114.21482E-03
-22.32000E-03,+3.68844221E+00,+102.15452E-03
-22.27000E-03,+3.50000000E+00,+102.15452E-03
-22.22000E-03,+3.70100503E+00,+114.21482E-03
-22.17000E-03,+3.60050251E+00,+114.21482E-03
-22.12000E-03,+3.50000000E+00,+102.15452E-03
-22.07000E-03,+3.70100503E+00,+107.43090E-03
-22.02000E-03,+3.50000000E+00,+114.21482E-03
-21.97000E-03,+3.70100503E+00,+114.21482E-03
-21.92000E-03,+3.70100503E+00,+114.21482E-03
-21.87000E-03,+3.50000000E+00,+114.21482E-03
-21.82000E-03,+3.70100503E+00,+114.21482E-03
-21.77000E-03,+3.60050251E+00,+119.49120E-03
-21.72000E-03,+3.50000000E+00,+114.21482E-03
-21.67000E-03,+3.60050251E+00,+120.24497E-03
-21.62000E-03,+3.68844221E+00,+114.21482E-03
-21.57000E-03,+3.58793970E+00,+114.21482E-03
-21.52000E-03,+3.50000000E+00,+114.21482E-03
-21.47000E-03,+3.58793970E+00,+126.27512E-03
-21.42000E-03,+3.50000000E+00,+114.21482E-03
-21.37000E-03,+3.58793970E+00,+120.24497E-03
-21.32000E-03,+3.70100503E+00,+126.27512E-03
-21.27000E-03,+3.70100503E+00,+126.27512E-03
-21.22000E-03,+3.70100503E+00,+126.27512E-03
-21.17000E-03,+3.50000000E+00,+126.27512E-03
-21.12000E-03,+3.70100503E+00,+114.21482E-03
-21.07000E-03,+3.58793970E+00,+126.27512E-03
-21.02000E-03,+3.50000000E+00,+126.27512E-03
-20.97000E-03,+3.58793970E+00,+119.49120E-03
-20.92000E-03,+3.50000000E+00,+126.27512E-03
-20.87000E-03,+3.50000000E+00,+119.49120E-03
-20.82000E-03,+3.50000000E+00,+126.27512E-03
-20.77000E-03,+3.70100503E+00,+131.55151E-03
-20.72000E-03,+3.50000000E+00,+126.27512E-03
-20.67000E-03,+3.58793970E+00,+131.55151E-03
-20.62000E-03,+3.50000000E+00,+126.27512E-03
-20.57000E-03,+3.50000000E+00,+138.33543E-03
-20.52000E-03,+3.50000000E+00,+126.27512E-03
-20.47000E-03,+3.58793970E+00,+138.33543E-03
-20.42000E-03,+3.68844221E+00,+137.58166E-03
-20.37000E-03,+3.60050251E+00,+126.27512E-03
-20.32000E-03,+3.68844221E+00,+126.27512E-03
-20.27000E-03,+3.50000000E+00,+138.33543E-03
-20.22000E-03,+3.50000000E+00,+138.33543E-03
-20.17000E-03,+3.50000000E+00,+138.33543E-03
-20.12000E-03,+3.70100503E+00,+138.33543E-03
-20.07000E-03,+3.70100503E+00,+143.61181E-03
-20.02000E-03,+3.50000000E+00,+138.33543E-03
-19.97000E-03,+3.70100503E+00,+138.33543E-03
-19.92000E-03,+3.50000000E+00,+138.33543E-03
-19.87000E-03,+3.60050251E+00,+138.33543E-03
-19.82000E-03,+3.50000000E+00,+138.33543E-03
-19.77000E-03,+3.70100503E+00,+131.55151E-03
-19.72000E-03,+3.70100503E+00,+138.33543E-03
-19.67000E-03,+3.70100503E+00,+138.33543E-03
-19.62000E-03,+3.50000000E+00,+138.33543E-03
-19.57000E-03,+3.50000000E+00,+144.36558E-03
-19.52000E-03,+3.50000000E+00,+138.33543E-03
-19.47000E-03,+3.70100503E+00,+138.33543E-03
-19.42000E-03,+3.68844221E+00,+149.64196E-03
-19.37000E-03,+3.70100503E+00,+138.33543E-03
-19.32000E-03,+3.68844221E+00,+138.33543E-03
-19.27000E-03,+3.58793970E+00,+143.61181E-03
-19.22000E-03,+3.68844221E+00,+138.33543E-03
-19.17000E-03,+3.50000000E+00,+143.61181E-03
-19.12000E-03,+3.50000000E+00,+138.33543E-03
-19.07000E-03,+3.70100503E+00,+143.61181E-03
-19.02000E-03,+3.50000000E+00,+138.33543E-03
-18.97000E-03,+3.60050251E+00,+150.39573E-03
-18.92000E-03,+3.68844221E+00,+150.39573E-03
-18.87000E-03,+3.50000000E+00,+150.39573E-03
-18.82000E-03,+3.50000000E+00,+150.39573E-03
-18.77000E-03,+3.50000000E+00,+143.61181E-03
-18.72000E-03,+3.68844221E+00,+150.39573E-03
-18.67000E-03,+3.70100503E+00,+150.39573E-03
-18.62000E-03,+3.70100503E+00,+150.39573E-03
-18.57000E-03,+3.50000000E+00,+144.36558E-03
-18.52000E-03,+3.50000000E+00,+150.39573E-03
-18.47000E-03,+3.60050251E+00,+150.39573E-03
-18.42000E-03,+3.50000000E+00,+150.39573E-03
-18.37000E-03,+3.60050251E+00,+150.39573E-03
-18.32000E-03,+3.50000000E+00,+150.39573E-03
-18.27000E-03,+3.50000000E+00,+150.39573E-03
-18.22000E-03,+3.50000000E+00,+161.70226E-03
-18.17000E-03,+3.50000000E+00,+162.45603E-03
-18.12000E-03,+3.68844221E+00,+161.70226E-03
-18.07000E-03,+3.50000000E+00,+162.45603E-03
-18.02000E-03,+3.70100503E+00,+150.39573E-03
-17.97000E-03,+3.50000000E+00,+162.45603E-03
-17.92000E-03,+3.50000000E+00,+162.45603E-03
-17.87000E-03,+3.60050251E+00,+155.67211E-03
-17.82000E-03,+3.70100503E+00,+162.45603E-03
-17.77000E-03,+3.60050251E+00,+162.45603E-03
-17.72000E-03,+3.50000000E+00,+150.39573E-03
-17.67000E-03,+3.58793970E+00,+155.67211E-03
-17.62000E-03,+3.68844221E+00,+162.45603E-03
-17.57000E-03,+3.58793970E+00,+162.45603E-03
-17.52000E-03,+3.50000000E+00,+162.45603E-03
-17.47000E-03,+3.58793970E+00,+162.45603E-03
-17.42000E-03,+3.70100503E+00,+162.45603E-03
-17.37000E-03,+3.58793970E+00,+162.45603E-03
-17.32000E-03,+3.50000000E+00,+162.45603E-03
-17.27000E-03,+3.50000000E+00,+162.45603E-03
-17.22000E-03,+3.68844221E+00,+162.45603E-03
-17.17000E-03,+3.50000000E+00,+162.45603E-03
-17.12000E-03,+3.50000000E+00,+162.45603E-03
-17.07000E-03,+3.70100503E+00,+162.45603E-03
-17.02000E-03,+3.50000000E+00,+174.51633E-03
-16.97000E-03,+3.60050251E+00,+162.45603E-03
-16.92000E-03,+3.50000000E+00,+174.51633E-03
-16.87000E-03,+3.60050251E+00,+168.48618E-03
-16.82000E-03,+3.50000000E+00,+162.45603E-03
-16.77000E-03,+3.50000000E+00,+168.48618E-03
-16.72000E-03,+3.50000000E+00,+173.76256E-03
-16.67000E-03,+3.50000000E+00,+174.51633E-03
-16.62000E-03,+3.70100503E+00,+162.45603E-03
-16.57000E-03,+3.50000000E+00,+168.48618E-03
-16.52000E-03,+3.68844221E+00,+174.51633E-03
-16.47000E-03,+3.58793970E+00,+174.51633E-03
-16.42000E-03,+3.50000000E+00,+174.51633E-03
-16.37000E-03,+3.60050251E+00,+174.51633E-03
-16.32000E-03,+3.70100503E+00,+174.51633E-03
-16.27000E-03,+3.70100503E+00,+174.51633E-03
-16.22000E-03,+3.50000000E+00,+174.51633E-03
-16.17000E-03,+3.70100503E+00,+174.51633E-03
-16.12000E-03,+3.50000000E+00,+174.51633E-03
-16.07000E-03,+3.58793970E+00,+174.51633E-03
-16.02000E-03,+3.50000000E+00,+174.51633E-03
-15.97000E-03,+3.60050251E+00,+179.79271E-03
-15.92000E-03,+3.50000000E+00,+174.51633E-03
-15.87000E-03,+3.70100503E+00,+174.51633E-03
-15.82000E-03,+3.70100503E+00,+186.57663E-03
-15.77000E-03,+3.60050251E+00,+179.79271E-03
-15.72000E-03,+3.70100503E+00,+185.82286E-03
-15.67000E-03,+3.60050251E+00,+174.51633E-03
-15.62000E-03,+3.68844221E+00,+174.51633E-03
-15.57000E-03,+3.60050251E+00,+174.51633E-03
-15.52000E-03,+3.68844221E+00,+185.82286E-03
-15.47000E-03,+3.60050251E+00,+180.54648E-03
-15.42000E-03,+3.70100503E+00,+185.82286E-03
-15.37000E-03,+3.50000000E+00,+174.51633E-03
-15.32000E-03,+3.70100503E+00,+186.57663E-03
-15.27000E-03,+3.60050251E+00,+186.57663E-03
-15.22000E-03,+3.50000000E+00,+185.82286E-03
-15.17000E-03,+3.50000000E+00,+180.54648E-03
-15.12000E-03,+3.50000000E+00,+185.82286E-03
-15.07000E-03,+3.58793970E+00,+186.57663E-03
-15.02000E-03,+3.70100503E+00,+186.57663E-03
-14.97000E-03,+3.60050251E+00,+186.57663E-03
-14.92000E-03,+3.70100503E+00,+185.82286E-03
-14.87000E-03,+3.70100503E+00,+186.57663E-03
-14.82000E-03,+3.68844221E+00,+186.57663E-03
-14.77000E-03,+3.60050251E+00,+186.57663E-03
-14.72000E-03,+3.50000000E+00,+197.88316E-03
-14.67000E-03,+3.60050251E+00,+198.63693E-03
-14.62000E-03,+3.70100503E+00,+186.57663E-03
-14.57000E-03,+3.50000000E+00,+192.60678E-03
-14.52000E-03,+3.68844221E+00,+186.57663E-03
-14.47000E-03,+3.60050251E+00,+186.57663E-03
-14.42000E-03,+3.50000000E+00,+198.63693E-03
-14.37000E-03,+3.58793970E+00,+191.85301E-03
-14.32000E-03,+3.70100503E+00,+186.57663E-03
-14.27000E-03,+3.60050251E+00,+192.60678E-03
-14.22000E-03,+3.70100503E+00,+186.57663E-03
-14.17000E-03,+3.50000000E+00,+186.57663E-03
-14.12000E-03,+3.68844221E+00,+186.57663E-03
-14.07000E-03,+3.58793970E+00,+191.85301E-03
-14.02000E-03,+3.70100503E+00,+198.63693E-03
-13.97000E-03,+3.50000000E+00,+186.57663E-03
-13.92000E-03,+3.50000000E+00,+198.63693E-03
-13.87000E-03,+3.70100503E+00,+191.85301E-03
-13.82000E-03,+3.68844221E+00,+186.57663E-03
-13.77000E-03,+3.58793970E+00,+198.63693E-03
-13.72000E-03,+3.50000000E+00,+209.94346E-03
-13.67000E-03,+3.50000000E+00,+192.60678E-03
-13.62000E-03,+3.50000000E+00,+198.63693E-03
-13.57000E-03,+3.50000000E+00,+198.63693E-03
-13.52000E-03,+3.50000000E+00,+186.57663E-03
-13.47000E-03,+3.50000000E+00,+198.63693E-03
-13.42000E-03,+3.50000000E+00,+198.63693E-03
-13.37000E-03,+3.60050251E+00,+198.63693E-03
-13.32000E-03,+3.50000000E+00,+198.63693E-03
-13.27000E-03,+3.60050251E+00,+203.91331E-03
-13.22000E-03,+3.50000000E+00,+198.63693E-03
-13.17000E-03,+3.50000000E+00,+198.63693E-03
-13.12000E-03,+3.50000000E+00,+198.63693E-03
-13.07000E-03,+3.60050251E+00,+198.63693E-03
-13.02000E-03,+3.68844221E+00,+198.63693E-03
-12.97000E-03,+3.70100503E+00,+204.66708E-03
-12.92000E-03,+3.50000000E+00,+198.63693E-03
-12.87000E-03,+3.70100503E+00,+198.63693E-03
-12.82000E-03,+3.70100503E+00,+198.63693E-03
-12.77000E-03,+3.60050251E+00,+203.91331E-03
-12.72000E-03,+3.68844221E+00,+210.69723E-03
-12.67000E-03,+3.58793970E+00,+203.91331E-03
-12.62000E-03,+3.50000000E+00,+198.63693E-03
-12.57000E-03,+3.70100503E+00,+204.66708E-03
-12.52000E-03,+3.50000000E+00,+210.69723E-03
-12.47000E-03,+3.58793970E+00,+203.91331E-03
-12.42000E-03,+3.50000000E+00,+210.69723E-03
-12.37000E-03,+3.60050251E+00,+204.66708E-03
-12.32000E-03,+3.70100503E+00,+210.69723E-03
-12.27000E-03,+3.60050251E+00,+198.63693E-03
-12.22000E-03,+3.70100503E+00,+198.63693E-03
-12.17000E-03,+3.58793970E+00,+203.91331E-03
-12.12000E-03,+3.50000000E+00,+210.69723E-03
-12.07000E-03,+3.50000000E+00,+204.66708E-03
-12.02000E-03,+3.70100503E+00,+210.69723E-03
-11.97000E-03,+3.60050251E+00,+216.72738E-03
-11.92000E-03,+3.68844221E+00,+210.69723E-03
-11.87000E-03,+3.50000000E+00,+210.69723E-03
-11.82000E-03,+3.50000000E+00,+210.69723E-03
-11.77000E-03,+3.50000000E+00,+210.69723E-03
-11.72000E-03,+3.50000000E+00,+198.63693E-03
-11.67000E-03,+3.50000000E+00,+210.69723E-03
-11.62000E-03,+3.70100503E+00,+210.69723E-03
-11.57000E-03,+3.70100503E+00,+215.97362E-03
-11.52000E-03,+3.50000000E+00,+210.69723E-03
-11.47000E-03,+3.58793970E+00,+210.69723E-03
-11.42000E-03,+3.50000000E+00,+210.69723E-03
-11.37000E-03,+3.60050251E+00,+215.97362E-03
-11.32000E-03,+3.50000000E+00,+222.00377E-03
-11.27000E-03,+3.60050251E+00,+210.69723E-03
-11.22000E-03,+3.68844221E+00,+210.69723E-03
-11.17000E-03,+3.58793970E+00,+210.69723E-03
-11.12000E-03,+3.68844221E+00,+210.69723E-03
-11.07000E-03,+3.58793970E+00,+210.69723E-03
-11.02000E-03,+3.50000000E+00,+222.75754E-03
-10.97000E-03,+3.50000000E+00,+210.69723E-03
-10.92000E-03,+3.50000000E+00,+210.69723E-03
-10.87000E-03,+3.58793970E+00,+210.69723E-03
-10.82000E-03,+3.50000000E+00,+210.69723E-03
-10.77000E-03,+3.58793970E+00,+210.69723E-03
-10.72000E-03,+3.50000000E+00,+222.00377E-03
-10.67000E-03,+3.60050251E+00,+222.75754E-03
-10.62000E-03,+3.50000000E+00,+222.75754E-03
-10.57000E-03,+3.60050251E+00,+222.75754E-03
-10.52000E-03,+3.50000000E+00,+222.00377E-03
-10.47000E-03,+3.60050251E+00,+222.75754E-03
-10.42000E-03,+3.68844221E+00,+222.75754E-03
-10.37000E-03,+3.60050251E+00,+215.97362E-03
-10.32000E-03,+3.50000000E+00,+222.75754E-03
-10.27000E-03,+3.58793970E+00,+216.72738E-03
-10.22000E-03,+3.70100503E+00,+210.69723E-03
-10.17000E-03,+3.58793970E+00,+222.75754E-03
-10.12000E-03,+3.50000000E+00,+222.00377E-03
-10.07000E-03,+3.60050251E+00,+215.97362E-03
-10.02000E-03,+3.70100503E+00,+222.75754E-03
-9.97000E-03,+3.50000000E+00,+222.75754E-03
-9.92000E-03,+3.50000000E+00,+222.75754E-03
-9.87000E-03,+3.50000000E+00,+228.03392E-03
-9.82000E-03,+3.68844221E+00,+222.75754E-03
-9.77000E-03,+3.60050251E+00,+222.75754E-03
-9.72000E-03,+3.68844221E+00,+222.75754E-03
-9.67000E-03,+3.70100503E+00,+222.75754E-03
-9.62000E-03,+3.70100503E+00,+222.75754E-03
-9.57000E-03,+3.58793970E+00,+222.75754E-03
-9.52000E-03,+3.50000000E+00,+234.06407E-03
-9.47000E-03,+3.58793970E+00,+222.75754E-03
-9.42000E-03,+3.50000000E+00,+222.75754E-03
-9.37000E-03,+3.60050251E+00,+222.75754E-03
-9.32000E-03,+3.70100503E+00,+222.75754E-03
-9.27000E-03,+3.58793970E+00,+222.75754E-03
-9.22000E-03,+3.50000000E+00,+222.75754E-03
-9.17000E-03,+3.50000000E+00,+228.78769E-03
-9.12000E-03,+3.68844221E+00,+222.75754E-03
-9.07000E-03,+3.70100503E+00,+222.75754E-03
-9.02000E-03,+3.50000000E+00,+234.06407E-03
-8.97000E-03,+3.60050251E+00,+234.81784E-03
-8.92000E-03,+3.50000000E+00,+234.06407E-03
-8.87000E-03,+3.50000000E+00,+228.78769E-03
-8.82000E-03,+3.68844221E+00,+222.75754E-03
-8.77000E-03,+3.50000000E+00,+234.81784E-03
-8.72000E-03,+3.68844221E+00,+222.75754E-03
-8.67000E-03,+3.60050251E+00,+228.03392E-03
-8.62000E-03,+3.50000000E+00,+222.75754E-03
-8.57000E-03,+3.70100503E+00,+228.03392E-03
-8.52000E-03,+3.50000000E+00,+234.06407E-03
-8.47000E-03,+3.70100503E+00,+234.81784E-03
-8.42000E-03,+3.50000000E+00,+222.75754E-03
-8.37000E-03,+3.50000000E+00,+234.81784E-03
-8.32000E-03,+3.70100503E+00,+234.06407E-03
-8.27000E-03,+3.70100503E+00,+228.03392E-03
-8.22000E-03,+3.68844221E+00,+234.81784E-03
-8.17000E-03,+3.58793970E+00,+234.81784E-03
-8.12000E-03,+3.68844221E+00,+234.81784E-03
-8.07000E-03,+3.50000000E+00,+228.03392E-03
-8.02000E-03,+3.50000000E+00,+234.81784E-03
-7.97000E-03,+3.60050251E+00,+234.81784E-03
-7.92000E-03,+3.68844221E+00,+234.06407E-03
-7.87000E-03,+3.58793970E+00,+228.78769E-03
-7.82000E-03,+3.50000000E+00,+246.12437E-03
-7.77000E-03,+3.60050251E+00,+234.81784E-03
-7.72000E-03,+3.50000000E+00,+234.81784E-03
-7.67000E-03,+3.60050251E+00,+234.81784E-03
-7.62000E-03,+3.50000000E+00,+246.12437E-03
-7.57000E-03,+3.70100503E+00,+234.06407E-03
-7.52000E-03,+3.50000000E+00,+234.06407E-03
-7.47000E-03,+3.58793970E+00,+234.81784E-03
-7.42000E-03,+3.50000000E+00,+234.81784E-03
-7.37000E-03,+3.58793970E+00,+234.81784E-03
-7.32000E-03,+3.50000000E+00,+234.81784E-03
-7.27000E-03,+3.60050251E+00,+234.81784E-03
-7.22000E-03,+3.70100503E+00,+234.81784E-03
-7.17000E-03,+3.58793970E+00,+228.78769E-03
-7.12000E-03,+3.70100503E+00,+246.12437E-03
-7.07000E-03,+3.60050251E+00,+234.81784E-03
-7.02000E-03,+3.68844221E+00,+234.81784E-03
-6.97000E-03,+3.70100503E+00,+234.81784E-03
-6.92000E-03,+3.70100503E+00,+234.81784E-03
-6.87000E-03,+3.50000000E+00,+240.84799E-03
-6.82000E-03,+3.50000000E+00,+246.12437E-03
-6.77000E-03,+3.60050251E+00,+240.84799E-03
-6.72000E-03,+3.50000000E+00,+246.12437E-03
-6.67000E-03,+3.70100503E+00,+246.87814E-03
-6.62000E-03,+3.50000000E+00,+234.81784E-03
-6.57000E-03,+3.60050251E+00,+240.84799E-03
-6.52000E-03,+3.70100503E+00,+246.12437E-03
-6.47000E-03,+3.50000000E+00,+240.09422E-03
-6.42000E-03,+3.50000000E+00,+234.81784E-03
-6.37000E-03,+3.50000000E+00,+240.84799E-03
-6.32000E-03,+3.68844221E+00,+246.87814E-03
-6.27000E-03,+3.60050251E+00,+234.81784E-03
-6.22000E-03,+3.68844221E+00,+234.81784E-03
-6.17000E-03,+3.60050251E+00,+246.87814E-03
-6.12000E-03,+3.70100503E+00,+234.81784E-03
-6.07000E-03,+3.70100503E+00,+240.84799E-03
-6.02000E-03,+3.68844221E+00,+246.87814E-03
-5.97000E-03,+3.60050251E+00,+246.87814E-03
-5.92000E-03,+3.50000000E+00,+234.81784E-03
-5.87000E-03,+3.70100503E+00,+234.81784E-03
-5.82000E-03,+3.68844221E+00,+234.81784E-03
-5.77000E-03,+3.70100503E+00,+246.87814E-03
-5.72000E-03,+3.50000000E+00,+246.87814E-03
-5.67000E-03,+3.60050251E+00,+246.87814E-03
-5.62000E-03,+3.50000000E+00,+246.87814E-03
-5.57000E-03,+3.50000000E+00,+246.87814E-03
-5.52000E-03,+3.50000000E+00,+246.87814E-03
-5.47000E-03,+3.70100503E+00,+252.90829E-03
-5.42000E-03,+3.50000000E+00,+246.87814E-03
-5.37000E-03,+3.50000000E+00,+252.90829E-03
-5.32000E-03,+3.70100503E+00,+246.87814E-03
-5.27000E-03,+3.58793970E+00,+240.09422E-03
-5.22000E-03,+3.70100503E+00,+246.87814E-03
-5.17000E-03,+3.60050251E+00,+246.87814E-03
-5.12000E-03,+3.50000000E+00,+246.87814E-03
-5.07000E-03,+3.58793970E+00,+246.87814E-03
-5.02000E-03,+3.50000000E+00,+234.81784E-03
-4.97000E-03,+3.58793970E+00,+246.87814E-03
-4.92000E-03,+3.50000000E+00,+246.87814E-03
-4.87000E-03,+3.50000000E+00,+246.87814E-03
-4.82000E-03,+3.68844221E+00,+246.87814E-03
-4.77000E-03,+3.58793970E+00,+246.87814E-03
-4.72000E-03,+3.50000000E+00,+246.87814E-03
-4.67000E-03,+3.60050251E+00,+252.15452E-03
-4.62000E-03,+3.50000000E+00,+246.87814E-03
-4.57000E-03,+3.60050251E+00,+246.87814E-03
-4.52000E-03,+3.50000000E+00,+246.87814E-03
-4.47000E-03,+3.70100503E+00,+258.93844E-03
-4.42000E-03,+3.50000000E+00,+246.87814E-03
-4.37000E-03,+3.70100503E+00,+252.90829E-03
-4.32000E-03,+3.68844221E+00,+246.87814E-03
-4.27000E-03,+3.70100503E+00,+258.93844E-03
-4.22000E-03,+3.70100503E+00,+258.18467E-03
-4.17000E-03,+3.60050251E+00,+252.90829E-03
-4.12000E-03,+3.50000000E+00,+246.87814E-03
-4.07000E-03,+3.70100503E+00,+258.93844E-03
-4.02000E-03,+3.50000000E+00,+246.87814E-03
-3.97000E-03,+3.60050251E+00,+252.15452E-03
-3.92000E-03,+3.70100503E+00,+258.93844E-03
-3.87000E-03,+3.50000000E+00,+252.90829E-03
-3.82000E-03,+3.70100503E+00,+258.93844E-03
-3.77000E-03,+3.58793970E+00,+258.93844E-03
-3.72000E-03,+3.50000000E+00,+258.18467E-03
-3.67000E-03,+3.50000000E+00,+264.96859E-03
-3.62000E-03,+3.50000000E+00,+258.18467E-03
-3.57000E-03,+3.50000000E+00,+252.90829E-03
-3.52000E-03,+3.50000000E+00,+258.93844E-03
-3.47000E-03,+3.70100503E+00,+258.93844E-03
-3.42000E-03,+3.68844221E+00,+258.93844E-03
-3.37000E-03,+3.60050251E+00,+258.93844E-03
-3.32000E-03,+3.70100503E+00,+258.93844E-03
-3.27000E-03,+3.70100503E+00,+258.93844E-03
-3.22000E-03,+3.68844221E+00,+258.93844E-03
-3.17000E-03,+3.50000000E+00,+252.15452E-03
-3.12000E-03,+3.70100503E+00,+270.24497E-03
-3.07000E-03,+3.70100503E+00,+258.93844E-03
-3.02000E-03,+3.50000000E+00,+258.93844E-03
-2.97000E-03,+3.50000000E+00,+264.21482E-03
-2.92000E-03,+3.50000000E+00,+258.93844E-03
-2.87000E-03,+3.58793970E+00,+246.87814E-03
-2.82000E-03,+3.68844221E+00,+246.87814E-03
-2.77000E-03,+3.70100503E+00,+258.93844E-03
-2.72000E-03,+3.50000000E+00,+258.18467E-03
-2.67000E-03,+3.58793970E+00,+258.93844E-03
-2.62000E-03,+3.68844221E+00,+258.93844E-03
-2.57000E-03,+3.70100503E+00,+258.93844E-03
-2.52000E-03,+3.70100503E+00,+258.93844E-03
-2.47000E-03,+3.50000000E+00,+258.93844E-03
-2.42000E-03,+3.68844221E+00,+258.93844E-03
-2.37000E-03,+3.70100503E+00,+252.15452E-03
-2.32000E-03,+3.68844221E+00,+258.93844E-03
-2.27000E-03,+3.60050251E+00,+264.21482E-03
-2.22000E-03,+3.50000000E+00,+258.93844E-03
-2.17000E-03,+3.58793970E+00,+258.93844E-03
-2.12000E-03,+3.50000000E+00,+258.93844E-03
-2.07000E-03,+3.70100503E+00,+264.96859E-03
-2.02000E-03,+3.50000000E+00,+270.99874E-03
-1.97000E-03,+3.50000000E+00,+270.99874E-03
-1.92000E-03,+3.50000000E+00,+258.93844E-03
-1.87000E-03,+3.70100503E+00,+258.93844E-03
-1.82000E-03,+3.50000000E+00,+270.24497E-03
-1.77000E-03,+3.60050251E+00,+270.99874E-03
-1.72000E-03,+3.50000000E+00,+270.99874E-03
-1.67000E-03,+3.60050251E+00,+258.93844E-03
-1.62000E-03,+3.68844221E+00,+270.24497E-03
-1.57000E-03,+3.60050251E+00,+258.93844E-03
-1.52000E-03,+3.50000000E+00,+258.93844E-03
-1.47000E-03,+3.70100503E+00,+270.99874E-03
-1.42000E-03,+3.70100503E+00,+270.24497E-03
-1.37000E-03,+3.60050251E+00,+270.99874E-03
-1.32000E-03,+3.50000000E+00,+270.99874E-03
-1.27000E-03,+3.50000000E+00,+264.96859E-03
-1.22000E-03,+3.50000000E+00,+258.93844E-03
-1.17000E-03,+3.70100503E+00,+264.96859E-03
-1.12000E-03,+3.70100503E+00,+258.93844E-03
-1.07000E-03,+3.50000000E+00,+264.21482E-03
-1.02000E-03,+3.50000000E+00,+270.99874E-03
-970.00E-06,+3.70100503E+00,+270.99874E-03
-920.00E-06,+3.50000000E+00,+270.24497E-03
-870.00E-06,+3.58793970E+00,+258.93844E-03
-820.00E-06,+3.50000000E+00,+270.99874E-03
-770.00E-06,+3.70100503E+00,+258.93844E-03
-720.00E-06,+3.70100503E+00,+258.93844E-03
-670.00E-06,+3.50000000E+00,+270.99874E-03
-620.00E-06,+3.70100503E+00,+270.24497E-03
-570.00E-06,+3.70100503E+00,+258.93844E-03
-520.00E-06,+3.68844221E+00,+270.99874E-03
-470.00E-06,+3.70100503E+00,+270.99874E-03
-420.00E-06,+3.70100503E+00,+270.99874E-03
-370.00E-06,+3.60050251E+00,+277.02889E-03
-320.00E-06,+3.70100503E+00,+270.24497E-03
-270.00E-06,+3.60050251E+00,+264.96859E-03
-220.00E-06,+3.50000000E+00,+270.99874E-03
-170.00E-06,+3.60050251E+00,+264.21482E-03
-120.00E-06,+3.50000000E+00,+270.99874E-03
-70.00E-06,+3.58793970E+00,+270.99874E-03
-20.00E-06,+3.70100503E+00,+270.99874E-03
+30.00E-06,+3.58793970E+00,+270.99874E-03
+80.00E-06,+3.68844221E+00,+270.99874E-03
+130.00E-06,+3.70100503E+00,+270.99874E-03
+180.00E-06,+3.50000000E+00,+270.24497E-03
+230.00E-06,+3.60050251E+00,+270.99874E-03
+280.00E-06,+3.50000000E+00,+270.99874E-03
+330.00E-06,+3.60050251E+00,+276.27512E-03
+380.00E-06,+3.50000000E+00,+270.24497E-03
+430.00E-06,+3.70100503E+00,+270.99874E-03
+480.00E-06,+3.68844221E+00,+270.99874E-03
+530.00E-06,+3.50000000E+00,+264.96859E-03
+580.00E-06,+3.50000000E+00,+270.99874E-03
+630.00E-06,+3.70100503E+00,+270.99874E-03
+680.00E-06,+3.70100503E+00,+270.99874E-03
+730.00E-06,+3.60050251E+00,+270.99874E-03
+780.00E-06,+3.50000000E+00,+258.93844E-03
+830.00E-06,+3.60050251E+00,+270.99874E-03
+880.00E-06,+3.70100503E+00,+270.99874E-03
+930.00E-06,+3.58793970E+00,+270.99874E-03
+980.00E-06,+3.68844221E+00,+270.99874E-03
+1.03000E-03,+3.60050251E+00,+270.99874E-03
+1.08000E-03,+3.50000000E+00,+282.30527E-03
+1.13000E-03,+3.70100503E+00,+283.05904E-03
+1.18000E-03,+3.68844221E+00,+270.99874E-03
+1.23000E-03,+3.58793970E+00,+277.02889E-03
+1.28000E-03,+3.50000000E+00,+283.05904E-03
+1.33000E-03,+3.70100503E+00,+276.27512E-03
+1.38000E-03,+3.50000000E+00,+270.99874E-03
+1.43000E-03,+3.58793970E+00,+270.99874E-03
+1.48000E-03,+3.50000000E+00,+270.99874E-03
+1.53000E-03,+3.70100503E+00,+270.99874E-03
+1.58000E-03,+3.70100503E+00,+270.99874E-03
+1.63000E-03,+3.70100503E+00,+270.99874E-03
+1.68000E-03,+3.68844221E+00,+283.05904E-03
+1.73000E-03,+3.58793970E+00,+270.99874E-03
+1.78000E-03,+3.68844221E+00,+270.99874E-03
+1.83000E-03,+3.58793970E+00,+283.05904E-03
+1.88000E-03,+3.68844221E+00,+270.99874E-03
+1.93000E-03,+3.58793970E+00,+277.02889E-03
+1.98000E-03,+3.68844221E+00,+283.05904E-03
+2.03000E-03,+3.60050251E+00,+277.02889E-03
+2.08000E-03,+3.50000000E+00,+283.05904E-03
+2.13000E-03,+3.58793970E+00,+270.99874E-03
+2.18000E-03,+3.68844221E+00,+270.99874E-03
+2.23000E-03,+3.58793970E+00,+283.05904E-03
+2.28000E-03,+3.70100503E+00,+270.99874E-03
+2.33000E-03,+3.60050251E+00,+270.99874E-03
+2.38000E-03,+3.68844221E+00,+283.05904E-03
+2.43000E-03,+3.60050251E+00,+283.05904E-03
+2.48000E-03,+3.70100503E+00,+282.30527E-03
+2.53000E-03,+3.58793970E+00,+276.27512E-03
+2.58000E-03,+3.70100503E+00,+282.30527E-03
+2.63000E-03,+3.60050251E+00,+283.05904E-03
+2.68000E-03,+3.70100503E+00,+270.99874E-03
+2.73000E-03,+3.58793970E+00,+277.02889E-03
+2.78000E-03,+3.68844221E+00,+283.05904E-03
+2.83000E-03,+3.70100503E+00,+276.27512E-03
+2.88000E-03,+3.70100503E+00,+270.99874E-03
+2.93000E-03,+3.70100503E+00,+283.05904E-03
+2.98000E-03,+3.50000000E+00,+282.30527E-03
+3.03000E-03,+3.50000000E+00,+283.05904E-03
+3.08000E-03,+3.68844221E+00,+283.05904E-03
+3.13000E-03,+3.60050251E+00,+283.05904E-03
+3.18000E-03,+3.68844221E+00,+283.05904E-03
+3.23000E-03,+3.70100503E+00,+276.27512E-03
+3.28000E-03,+3.70100503E+00,+283.05904E-03
+3.33000E-03,+3.70100503E+00,+283.05904E-03
+3.38000E-03,+3.70100503E+00,+283.05904E-03
+3.43000E-03,+3.60050251E+00,+283.05904E-03
+3.48000E-03,+3.50000000E+00,+283.05904E-03
+3.53000E-03,+3.50000000E+00,+283.05904E-03
+3.58000E-03,+3.70100503E+00,+294.36557E-03
+3.63000E-03,+3.60050251E+00,+283.05904E-03
+3.68000E-03,+3.70100503E+00,+283.05904E-03
+3.73000E-03,+3.58793970E+00,+283.05904E-03
+3.78000E-03,+3.50000000E+00,+283.05904E-03
+3.83000E-03,+3.58793970E+00,+283.05904E-03
+3.88000E-03,+3.70100503E+00,+283.05904E-03
+3.93000E-03,+3.60050251E+00,+283.05904E-03
+3.98000E-03,+3.50000000E+00,+283.05904E-03
+4.03000E-03,+3.50000000E+00,+283.05904E-03
+4.08000E-03,+3.68844221E+00,+282.30527E-03
+4.13000E-03,+3.50000000E+00,+283.05904E-03
+4.18000E-03,+3.50000000E+00,+283.05904E-03
+4.23000E-03,+3.70100503E+00,+283.05904E-03
+4.28000E-03,+3.70100503E+00,+283.05904E-03
+4.33000E-03,+3.50000000E+00,+288.33542E-03
+4.38000E-03,+3.68844221E+00,+283.05904E-03
+4.43000E-03,+3.60050251E+00,+288.33542E-03
+4.48000E-03,+3.70100503E+00,+283.05904E-03
+4.53000E-03,+3.60050251E+00,+283.05904E-03
+4.58000E-03,+3.50000000E+00,+283.05904E-03
+4.63000E-03,+3.60050251E+00,+283.05904E-03
+4.68000E-03,+3.50000000E+00,+283.05904E-03
+4.73000E-03,+3.70100503E+00,+283.05904E-03
+4.78000E-03,+3.68844221E+00,+283.05904E-03
+4.83000E-03,+3.50000000E+00,+283.05904E-03
+4.88000E-03,+3.50000000E+00,+294.36557E-03
+4.93000E-03,+3.70100503E+00,+283.05904E-03
+4.98000E-03,+3.68844221E+00,+294.36557E-03
+5.03000E-03,+3.50000000E+00,+283.05904E-03
+5.08000E-03,+3.68844221E+00,+294.36557E-03
+5.13000E-03,+3.50000000E+00,+283.05904E-03
+5.18000E-03,+3.50000000E+00,+283.05904E-03
+5.23000E-03,+3.58793970E+00,+288.33542E-03
+5.28000E-03,+3.70100503E+00,+283.05904E-03
+5.33000E-03,+3.58793970E+00,+289.08919E-03
+5.38000E-03,+3.70100503E+00,+283.05904E-03
+5.43000E-03,+3.58793970E+00,+288.33542E-03
+5.48000E-03,+3.70100503E+00,+283.05904E-03
+5.53000E-03,+3.50000000E+00,+295.11934E-03
+5.58000E-03,+3.68844221E+00,+283.05904E-03
+5.63000E-03,+3.70100503E+00,+288.33542E-03
+5.68000E-03,+3.70100503E+00,+283.05904E-03
+5.73000E-03,+3.58793970E+00,+283.05904E-03
+5.78000E-03,+3.50000000E+00,+295.11934E-03
+5.83000E-03,+3.70100503E+00,+295.11934E-03
+5.88000E-03,+3.50000000E+00,+283.05904E-03
+5.93000E-03,+3.50000000E+00,+283.05904E-03
+5.98000E-03,+3.50000000E+00,+295.11934E-03
+6.03000E-03,+3.60050251E+00,+295.11934E-03
+6.08000E-03,+3.68844221E+00,+294.36557E-03
+6.13000E-03,+3.50000000E+00,+283.05904E-03
+6.18000E-03,+3.50000000E+00,+295.11934E-03
+6.23000E-03,+3.50000000E+00,+288.33542E-03
+6.28000E-03,+3.68844221E+00,+283.05904E-03
+6.33000E-03,+3.50000000E+00,+283.05904E-03
+6.38000E-03,+3.50000000E+00,+295.11934E-03
+6.43000E-03,+3.50000000E+00,+295.11934E-03
+6.48000E-03,+3.50000000E+00,+283.05904E-03
+6.53000E-03,+3.70100503E+00,+289.08919E-03
+6.58000E-03,+3.50000000E+00,+295.11934E-03
+6.63000E-03,+3.50000000E+00,+300.39573E-03
+6.68000E-03,+3.68844221E+00,+295.11934E-03
+6.73000E-03,+3.58793970E+00,+289.08919E-03
+6.78000E-03,+3.68844221E+00,+295.11934E-03
+6.83000E-03,+3.58793970E+00,+289.08919E-03
+6.88000E-03,+3.68844221E+00,+294.36557E-03
+6.93000E-03,+3.58793970E+00,+288.33542E-03
+6.98000E-03,+3.50000000E+00,+295.11934E-03
+7.03000E-03,+3.58793970E+00,+295.11934E-03
+7.08000E-03,+3.50000000E+00,+294.36557E-03
+7.13000E-03,+3.70100503E+00,+295.11934E-03
+7.18000E-03,+3.50000000E+00,+283.05904E-03
+7.23000E-03,+3.70100503E+00,+295.11934E-03
+7.28000E-03,+3.50000000E+00,+295.11934E-03
+7.33000E-03,+3.60050251E+00,+295.11934E-03
+7.38000E-03,+3.70100503E+00,+295.11934E-03
+7.43000E-03,+3.60050251E+00,+295.11934E-03
+7.48000E-03,+3.68844221E+00,+295.11934E-03
+7.53000E-03,+3.58793970E+00,+295.11934E-03
+7.58000E-03,+3.50000000E+00,+295.11934E-03
+7.63000E-03,+3.60050251E+00,+295.11934E-03
+7.68000E-03,+3.50000000E+00,+295.11934E-03
+7.73000E-03,+3.50000000E+00,+295.11934E-03
+7.78000E-03,+3.50000000E+00,+295.11934E-03
+7.83000E-03,+3.60050251E+00,+295.11934E-03
+7.88000E-03,+3.50000000E+00,+295.11934E-03
+7.93000E-03,+3.58793970E+00,+288.33542E-03
+7.98000E-03,+3.50000000E+00,+295.11934E-03
+8.03000E-03,+3.60050251E+00,+283.05904E-03
+8.08000E-03,+3.68844221E+00,+295.11934E-03
+8.13000E-03,+3.58793970E+00,+301.14949E-03
+8.18000E-03,+3.50000000E+00,+295.11934E-03
+8.23000E-03,+3.50000000E+00,+295.11934E-03
+8.28000E-03,+3.70100503E+00,+295.11934E-03
+8.33000E-03,+3.60050251E+00,+295.11934E-03
+8.38000E-03,+3.70100503E+00,+295.11934E-03
+8.43000E-03,+3.60050251E+00,+295.11934E-03
+8.48000E-03,+3.50000000E+00,+283.05904E-03
+8.53000E-03,+3.58793970E+00,+307.17964E-03
+8.58000E-03,+3.68844221E+00,+295.11934E-03
+8.63000E-03,+3.58793970E+00,+288.33542E-03
+8.68000E-03,+3.70100503E+00,+295.11934E-03
+8.73000E-03,+3.60050251E+00,+288.33542E-03
+8.78000E-03,+3.50000000E+00,+295.11934E-03
+8.83000E-03,+3.70100503E+00,+295.11934E-03
+8.88000E-03,+3.50000000E+00,+295.11934E-03
+8.93000E-03,+3.50000000E+00,+295.11934E-03
+8.98000E-03,+3.50000000E+00,+295.11934E-03
+9.03000E-03,+3.70100503E+00,+300.39573E-03
+9.08000E-03,+3.50000000E+00,+295.11934E-03
+9.13000E-03,+3.58793970E+00,+295.11934E-03
+9.18000E-03,+3.70100503E+00,+295.11934E-03
+9.23000E-03,+3.50000000E+00,+295.11934E-03
+9.28000E-03,+3.50000000E+00,+295.11934E-03
+9.33000E-03,+3.70100503E+00,+295.11934E-03
+9.38000E-03,+3.50000000E+00,+295.11934E-03
+9.43000E-03,+3.50000000E+00,+295.11934E-03
+9.48000E-03,+3.70100503E+00,+295.11934E-03
+9.53000E-03,+3.60050251E+00,+295.11934E-03
+9.58000E-03,+3.70100503E+00,+295.11934E-03
+9.63000E-03,+3.70100503E+00,+295.11934E-03
+9.68000E-03,+3.50000000E+00,+295.11934E-03
+9.73000E-03,+3.60050251E+00,+295.11934E-03
+9.78000E-03,+3.50000000E+00,+295.11934E-03
+9.83000E-03,+3.58793970E+00,+301.14949E-03
+9.88000E-03,+3.68844221E+00,+306.42588E-03
+9.93000E-03,+3.50000000E+00,+300.39573E-03
+9.98000E-03,+3.50000000E+00,+295.11934E-03
+10.03000E-03,+3.60050251E+00,+295.11934E-03
+10.08000E-03,+3.50000000E+00,+295.11934E-03
+10.13000E-03,+3.50000000E+00,+301.14949E-03
+10.18000E-03,+3.68844221E+00,+295.11934E-03
+10.23000E-03,+3.58793970E+00,+295.11934E-03
+10.28000E-03,+3.50000000E+00,+295.11934E-03
+10.33000E-03,+3.58793970E+00,+300.39573E-03
+10.38000E-03,+3.50000000E+00,+295.11934E-03
+10.43000E-03,+3.60050251E+00,+295.11934E-03
+10.48000E-03,+3.50000000E+00,+295.11934E-03
+10.53000E-03,+3.70100503E+00,+301.14949E-03
+10.58000E-03,+3.50000000E+00,+307.17964E-03
+10.63000E-03,+3.50000000E+00,+307.17964E-03
+10.68000E-03,+3.50000000E+00,+295.11934E-03
+10.73000E-03,+3.50000000E+00,+295.11934E-03
+10.78000E-03,+3.70100503E+00,+295.11934E-03
+10.83000E-03,+3.58793970E+00,+300.39573E-03
+10.88000E-03,+95.47736E-03,+307.17964E-03
+10.93000E-03,+82.91455E-03,+307.17964E-03
+10.98000E-03,+95.47736E-03,+294.36557E-03
+11.03000E-03,+82.91455E-03,+270.99874E-03
+11.08000E-03,+82.91455E-03,+246.87814E-03
+11.13000E-03,+183.41706E-03,+216.72738E-03
+11.18000E-03,+82.91455E-03,+174.51633E-03
+11.23000E-03,+82.91455E-03,+131.55151E-03
+11.28000E-03,+82.91455E-03,+78.03392E-03
+11.33000E-03,+195.97987E-03,+29.79271E-03
+11.38000E-03,+283.91957E-03,-31.26256E-03
+11.43000E-03,+183.41706E-03,-78.75000E-03
+11.48000E-03,+82.91455E-03,-139.05151E-03
+11.53000E-03,+82.91455E-03,-199.35301E-03
+11.58000E-03,+95.47736E-03,-259.65452E-03
+11.63000E-03,+82.91455E-03,-313.92588E-03
+11.68000E-03,+82.91455E-03,-368.19723E-03
+11.73000E-03,+195.97987E-03,-416.43844E-03
+11.78000E-03,+82.91455E-03,-452.61934E-03
+11.83000E-03,+183.41706E-03,-494.07663E-03
+11.88000E-03,+82.91455E-03,-512.92085E-03
+11.93000E-03,+183.41706E-03,-549.10175E-03
+11.98000E-03,+95.47736E-03,-573.22236E-03
+12.03000E-03,+82.91455E-03,-585.28266E-03
+12.08000E-03,+95.47736E-03,-585.28266E-03
+12.13000E-03,+82.91455E-03,-585.28266E-03
+12.18000E-03,+82.91455E-03,-596.58919E-03
+12.23000E-03,+195.97987E-03,-578.49874E-03
+12.28000E-03,+283.91957E-03,-572.46859E-03
+12.33000E-03,+183.41706E-03,-537.04145E-03
+12.38000E-03,+283.91957E-03,-524.22738E-03
+12.43000E-03,+82.91455E-03,-488.80025E-03
+12.48000E-03,+82.91455E-03,-452.61934E-03
+12.53000E-03,+183.41706E-03,-409.65452E-03
+12.58000E-03,+82.91455E-03,-368.19723E-03
+12.63000E-03,+195.97987E-03,-325.98618E-03
+12.68000E-03,+283.91957E-03,-283.77512E-03
+12.73000E-03,+183.41706E-03,-235.53392E-03
+12.78000E-03,+82.91455E-03,-187.29271E-03
+12.83000E-03,+183.41706E-03,-151.11181E-03
+12.88000E-03,+283.91957E-03,-102.87060E-03
+12.93000E-03,+82.91455E-03,-66.68970E-03
+12.98000E-03,+95.47736E-03,-30.50879E-03
+13.03000E-03,+183.41706E-03,+5.67211E-03
+13.08000E-03,+82.91455E-03,+29.79271E-03
+13.13000E-03,+82.91455E-03,+47.12940E-03
+13.18000E-03,+283.91957E-03,+78.03392E-03
+13.23000E-03,+183.41706E-03,+90.09422E-03
+13.28000E-03,+82.91455E-03,+102.15452E-03
+13.33000E-03,+195.97987E-03,+102.15452E-03
+13.38000E-03,+82.91455E-03,+101.40075E-03
+13.43000E-03,+82.91455E-03,+78.03392E-03
+13.48000E-03,+95.47736E-03,+65.97362E-03
+13.53000E-03,+195.97987E-03,+47.12940E-03
+13.58000E-03,+82.91455E-03,+29.79271E-03
+13.63000E-03,+183.41706E-03,-1.11181E-03
+13.68000E-03,+283.91957E-03,-30.50879E-03
+13.73000E-03,+183.41706E-03,-61.41332E-03
+13.78000E-03,+283.91957E-03,-90.81030E-03
+13.83000E-03,+195.97987E-03,-133.02136E-03
+13.88000E-03,+82.91455E-03,-163.17211E-03
+13.93000E-03,+183.41706E-03,-199.35301E-03
+13.98000E-03,+82.91455E-03,-235.53392E-03
+14.03000E-03,+195.97987E-03,-277.74497E-03
+14.08000E-03,+95.47736E-03,-307.89573E-03
+14.13000E-03,+82.91455E-03,-338.04648E-03
+14.18000E-03,+283.91957E-03,-356.13693E-03
+14.23000E-03,+283.91957E-03,-392.31784E-03
+14.28000E-03,+95.47736E-03,-404.37814E-03
+14.33000E-03,+82.91455E-03,-428.49874E-03
+14.38000E-03,+82.91455E-03,-440.55904E-03
+14.43000E-03,+82.91455E-03,-452.61934E-03
+14.48000E-03,+82.91455E-03,-464.67964E-03
+14.53000E-03,+82.91455E-03,-470.70979E-03
+14.58000E-03,+82.91455E-03,-475.98618E-03
+14.63000E-03,+82.91455E-03,-464.67964E-03
+14.68000E-03,+283.91957E-03,-463.92587E-03
+14.73000E-03,+183.41706E-03,-452.61934E-03
+14.78000E-03,+82.91455E-03,-428.49874E-03
+14.83000E-03,+82.91455E-03,-416.43844E-03
+14.88000E-03,+95.47736E-03,-392.31784E-03
+14.93000E-03,+283.91957E-03,-373.47361E-03
+14.98000E-03,+82.91455E-03,-356.13693E-03
+15.03000E-03,+82.91455E-03,-325.23241E-03
+15.08000E-03,+283.91957E-03,-295.83542E-03
+15.13000E-03,+195.97987E-03,-271.71482E-03
+15.18000E-03,+95.47736E-03,-247.59422E-03
+15.23000E-03,+82.91455E-03,-211.41331E-03
+15.28000E-03,+95.47736E-03,-187.29271E-03
+15.33000E-03,+195.97987E-03,-163.17211E-03
+15.38000E-03,+95.47736E-03,-139.05151E-03
+15.43000E-03,+82.91455E-03,-120.20729E-03
+15.48000E-03,+283.91957E-03,-90.81030E-03
+15.53000E-03,+82.91455E-03,-78.75000E-03
+15.58000E-03,+283.91957E-03,-78.75000E-03
+15.63000E-03,+183.41706E-03,-49.35301E-03
+15.68000E-03,+82.91455E-03,-54.62940E-03
+15.73000E-03,+183.41706E-03,-42.56910E-03
+15.78000E-03,+82.91455E-03,-42.56910E-03
+15.83000E-03,+82.91455E-03,-42.56910E-03
+15.88000E-03,+82.91455E-03,-42.56910E-03
+15.93000E-03,+183.41706E-03,-54.62940E-03
+15.98000E-03,+95.47736E-03,-67.44347E-03
+16.03000E-03,+82.91455E-03,-78.75000E-03
+16.08000E-03,+283.91957E-03,-90.81030E-03
+16.13000E-03,+195.97987E-03,-120.20729E-03
+16.18000E-03,+95.47736E-03,-139.05151E-03
+16.23000E-03,+82.91455E-03,-151.11181E-03
+16.28000E-03,+82.91455E-03,-175.23241E-03
+16.33000E-03,+195.97987E-03,-199.35301E-03
+16.38000E-03,+82.91455E-03,-223.47362E-03
+16.43000E-03,+82.91455E-03,-235.53392E-03
+16.48000E-03,+283.91957E-03,-259.65452E-03
+16.53000E-03,+195.97987E-03,-283.77512E-03
+16.58000E-03,+82.91455E-03,-307.89573E-03
+16.63000E-03,+183.41706E-03,-319.95603E-03
+16.68000E-03,+82.91455E-03,-343.32286E-03
+16.73000E-03,+195.97987E-03,-344.07663E-03
+16.78000E-03,+82.91455E-03,-368.19723E-03
+16.83000E-03,+183.41706E-03,-368.19723E-03
+16.88000E-03,+82.91455E-03,-380.25753E-03
+16.93000E-03,+283.91957E-03,-386.28768E-03
+16.98000E-03,+82.91455E-03,-392.31784E-03
+17.03000E-03,+82.91455E-03,-385.53392E-03
+17.08000E-03,+82.91455E-03,-392.31784E-03
+17.13000E-03,+195.97987E-03,-385.53392E-03
+17.18000E-03,+95.47736E-03,-380.25753E-03
+17.23000E-03,+82.91455E-03,-368.19723E-03
+17.28000E-03,+95.47736E-03,-356.13693E-03
+17.33000E-03,+183.41706E-03,-349.35301E-03
+17.38000E-03,+82.91455E-03,-332.01633E-03
+17.43000E-03,+82.91455E-03,-319.95603E-03
+17.48000E-03,+82.91455E-03,-307.89573E-03
+17.53000E-03,+195.97987E-03,-289.05150E-03
+17.58000E-03,+82.91455E-03,-271.71482E-03
+17.63000E-03,+183.41706E-03,-259.65452E-03
+17.68000E-03,+95.47736E-03,-235.53392E-03
+17.73000E-03,+183.41706E-03,-223.47362E-03
+17.78000E-03,+95.47736E-03,-210.65955E-03
+17.83000E-03,+82.91455E-03,-187.29271E-03
+17.88000E-03,+283.91957E-03,-175.23241E-03
+17.93000E-03,+195.97987E-03,-168.44849E-03
+17.98000E-03,+283.91957E-03,-162.41834E-03
+18.03000E-03,+283.91957E-03,-145.08166E-03
+18.08000E-03,+82.91455E-03,-139.05151E-03
+18.13000E-03,+183.41706E-03,-132.26759E-03
+18.18000E-03,+95.47736E-03,-126.99120E-03
+18.23000E-03,+283.91957E-03,-126.99120E-03
+18.28000E-03,+283.91957E-03,-126.99120E-03
+18.33000E-03,+283.91957E-03,-126.99120E-03
+18.38000E-03,+82.91455E-03,-139.05151E-03
+18.43000E-03,+82.91455E-03,-133.02136E-03
+18.48000E-03,+95.47736E-03,-139.05151E-03
+18.53000E-03,+195.97987E-03,-156.38819E-03
+18.58000E-03,+82.91455E-03,-163.17211E-03
+18.63000E-03,+283.91957E-03,-181.26256E-03
+18.68000E-03,+283.91957E-03,-187.29271E-03
+18.73000E-03,+82.91455E-03,-204.62940E-03
+18.78000E-03,+82.91455E-03,-223.47362E-03
+18.83000E-03,+82.91455E-03,-229.50377E-03
+18.88000E-03,+283.91957E-03,-247.59422E-03
+18.93000E-03,+283.91957E-03,-253.62437E-03
+18.98000E-03,+95.47736E-03,-271.71482E-03
+19.03000E-03,+283.91957E-03,-283.77512E-03
+19.08000E-03,+82.91455E-03,-295.83542E-03
+19.13000E-03,+283.91957E-03,-301.11181E-03
+19.18000E-03,+82.91455E-03,-319.20226E-03
+19.23000E-03,+82.91455E-03,-319.95603E-03
+19.28000E-03,+82.91455E-03,-343.32286E-03
+19.33000E-03,+195.97987E-03,-331.26256E-03
+19.38000E-03,+82.91455E-03,-343.32286E-03
+19.43000E-03,+183.41706E-03,-338.04648E-03
+19.48000E-03,+95.47736E-03,-344.07663E-03
+19.53000E-03,+82.91455E-03,-337.29271E-03
+19.58000E-03,+82.91455E-03,-332.01633E-03
+19.63000E-03,+195.97987E-03,-338.04648E-03
+19.68000E-03,+95.47736E-03,-332.01633E-03
+19.73000E-03,+283.91957E-03,-325.23241E-03
+19.78000E-03,+95.47736E-03,-319.95603E-03
+19.83000E-03,+195.97987E-03,-307.89573E-03
+19.88000E-03,+82.91455E-03,-307.14196E-03
+19.93000E-03,+195.97987E-03,-289.05150E-03
+19.98000E-03,+283.91957E-03,-283.77512E-03
+20.03000E-03,+82.91455E-03,-277.74497E-03
+20.08000E-03,+95.47736E-03,-258.90075E-03
+20.13000E-03,+82.91455E-03,-247.59422E-03
+20.18000E-03,+82.91455E-03,-235.53392E-03
+20.23000E-03,+283.91957E-03,-223.47362E-03
+20.28000E-03,+82.91455E-03,-211.41331E-03
+20.33000E-03,+82.91455E-03,-204.62940E-03
+20.38000E-03,+82.91455E-03,-210.65955E-03
+20.43000E-03,+82.91455E-03,-199.35301E-03
+20.48000E-03,+82.91455E-03,-198.59924E-03
+20.53000E-03,+82.91455E-03,-187.29271E-03
+20.58000E-03,+283.91957E-03,-175.23241E-03
+20.63000E-03,+82.91455E-03,-175.23241E-03
+20.68000E-03,+82.91455E-03,-175.23241E-03
+20.73000E-03,+82.91455E-03,-180.50879E-03
+20.78000E-03,+82.91455E-03,-186.53894E-03
+20.83000E-03,+82.91455E-03,-181.26256E-03
+20.88000E-03,+283.91957E-03,-187.29271E-03
+20.93000E-03,+195.97987E-03,-187.29271E-03
+20.98000E-03,+95.47736E-03,-199.35301E-03
+21.03000E-03,+82.91455E-03,-205.38316E-03
+21.08000E-03,+82.91455E-03,-210.65955E-03
+21.13000E-03,+82.91455E-03,-217.44347E-03
+21.18000E-03,+82.91455E-03,-235.53392E-03
+21.23000E-03,+283.91957E-03,-235.53392E-03
+21.28000E-03,+283.91957E-03,-247.59422E-03
+21.33000E-03,+82.91455E-03,-247.59422E-03
+21.38000E-03,+82.91455E-03,-259.65452E-03
+21.43000E-03,+82.91455E-03,-264.93090E-03
+21.48000E-03,+283.91957E-03,-271.71482E-03
+21.53000E-03,+82.91455E-03,-277.74497E-03
+21.58000E-03,+82.91455E-03,-283.77512E-03
+21.63000E-03,+183.41706E-03,-289.80527E-03
+21.68000E-03,+82.91455E-03,-295.83542E-03
+21.73000E-03,+195.97987E-03,-301.86557E-03
+21.78000E-03,+95.47736E-03,-307.14196E-03
+21.83000E-03,+183.41706E-03,-301.86557E-03
+21.88000E-03,+95.47736E-03,-307.14196E-03
+21.93000E-03,+183.41706E-03,-319.95603E-03
+21.98000E-03,+283.91957E-03,-307.89573E-03
+22.03000E-03,+82.91455E-03,-307.89573E-03
+22.08000E-03,+95.47736E-03,-307.14196E-03
+22.13000E-03,+82.91455E-03,-301.86557E-03
+22.18000E-03,+82.91455E-03,-295.83542E-03
+22.23000E-03,+82.91455E-03,-295.83542E-03
+22.28000E-03,+283.91957E-03,-295.08166E-03
+22.33000E-03,+82.91455E-03,-283.77512E-03
+22.38000E-03,+82.91455E-03,-283.77512E-03
+22.43000E-03,+82.91455E-03,-271.71482E-03
+22.48000E-03,+82.91455E-03,-270.96105E-03
+22.53000E-03,+183.41706E-03,-259.65452E-03
+22.58000E-03,+82.91455E-03,-247.59422E-03
+22.63000E-03,+195.97987E-03,-247.59422E-03
+22.68000E-03,+82.91455E-03,-235.53392E-03
+22.73000E-03,+82.91455E-03,-235.53392E-03
+22.78000E-03,+95.47736E-03,-234.78015E-03
+22.83000E-03,+195.97987E-03,-228.75000E-03
+22.88000E-03,+95.47736E-03,-234.78015E-03
+22.93000E-03,+183.41706E-03,-223.47362E-03
+22.98000E-03,+283.91957E-03,-223.47362E-03
+23.03000E-03,+195.97987E-03,-211.41331E-03
+23.08000E-03,+283.91957E-03,-211.41331E-03
+23.13000E-03,+195.97987E-03,-211.41331E-03
+23.18000E-03,+283.91957E-03,-211.41331E-03
+23.23000E-03,+195.97987E-03,-211.41331E-03
+23.28000E-03,+95.47736E-03,-211.41331E-03
+23.33000E-03,+82.91455E-03,-211.41331E-03
+23.38000E-03,+82.91455E-03,-223.47362E-03
+23.43000E-03,+82.91455E-03,-223.47362E-03
+23.48000E-03,+95.47736E-03,-223.47362E-03
+23.53000E-03,+283.91957E-03,-235.53392E-03
+23.58000E-03,+82.91455E-03,-223.47362E-03
+23.63000E-03,+82.91455E-03,-235.53392E-03
+23.68000E-03,+82.91455E-03,-235.53392E-03
+23.73000E-03,+183.41706E-03,-247.59422E-03
+23.78000E-03,+82.91455E-03,-258.90075E-03
+23.83000E-03,+195.97987E-03,-252.87060E-03
+23.88000E-03,+82.91455E-03,-259.65452E-03
+23.93000E-03,+82.91455E-03,-252.87060E-03
+23.98000E-03,+82.91455E-03,-259.65452E-03
+24.03000E-03,+82.91455E-03,-265.68467E-03
+24.08000E-03,+95.47736E-03,-283.77512E-03
+24.13000E-03,+82.91455E-03,-283.77512E-03
+24.18000E-03,+283.91957E-03,-271.71482E-03
+24.23000E-03,+82.91455E-03,-283.77512E-03
+24.28000E-03,+95.47736E-03,-295.83542E-03
+24.33000E-03,+195.97987E-03,-295.83542E-03
+24.38000E-03,+82.91455E-03,-295.83542E-03
+24.43000E-03,+195.97987E-03,-283.77512E-03
+24.48000E-03,+82.91455E-03,-295.08166E-03
+24.53000E-03,+195.97987E-03,-289.05150E-03
+24.58000E-03,+82.91455E-03,-283.77512E-03
+24.63000E-03,+195.97987E-03,-283.77512E-03
+24.68000E-03,+95.47736E-03,-271.71482E-03
+24.73000E-03,+82.91455E-03,-283.77512E-03
+24.78000E-03,+82.91455E-03,-271.71482E-03
+24.83000E-03,+82.91455E-03,-271.71482E-03
+24.88000E-03,+82.91455E-03,-259.65452E-03
+24.93000E-03,+195.97987E-03,-271.71482E-03
+24.98000E-03,+82.91455E-03,-259.65452E-03
+25.03000E-03,+82.91455E-03,-271.71482E-03
+25.08000E-03,+82.91455E-03,-258.90075E-03
+25.13000E-03,+82.91455E-03,-259.65452E-03
+25.18000E-03,+95.47736E-03,-247.59422E-03
+25.23000E-03,+283.91957E-03,-247.59422E-03
+25.28000E-03,+95.47736E-03,-247.59422E-03
+25.33000E-03,+195.97987E-03,-247.59422E-03
+25.38000E-03,+283.91957E-03,-235.53392E-03
+25.43000E-03,+283.91957E-03,-235.53392E-03
+25.48000E-03,+283.91957E-03,-235.53392E-03
+25.53000E-03,+195.97987E-03,-235.53392E-03
+25.58000E-03,+95.47736E-03,-235.53392E-03
+25.63000E-03,+82.91455E-03,-229.50377E-03
+25.68000E-03,+82.91455E-03,-235.53392E-03
+25.73000E-03,+183.41706E-03,-229.50377E-03
+25.78000E-03,+82.91455E-03,-235.53392E-03
+25.83000E-03,+82.91455E-03,-235.53392E-03
+25.88000E-03,+82.91455E-03,-235.53392E-03
+25.93000E-03,+183.41706E-03,-240.81030E-03
+25.98000E-03,+283.91957E-03,-247.59422E-03
+26.03000E-03,+82.91455E-03,-247.59422E-03
+26.08000E-03,+82.91455E-03,-235.53392E-03
+26.13000E-03,+82.91455E-03,-247.59422E-03
+26.18000E-03,+95.47736E-03,-258.90075E-03
+26.23000E-03,+82.91455E-03,-259.65452E-03
+26.28000E-03,+82.91455E-03,-247.59422E-03
+26.33000E-03,+82.91455E-03,-259.65452E-03
+26.38000E-03,+95.47736E-03,-259.65452E-03
+26.43000E-03,+183.41706E-03,-271.71482E-03
+26.48000E-03,+283.91957E-03,-271.71482E-03
+26.53000E-03,+82.91455E-03,-271.71482E-03
+26.58000E-03,+82.91455E-03,-270.96105E-03
+26.63000E-03,+82.91455E-03,-277.74497E-03
+26.68000E-03,+82.91455E-03,-271.71482E-03
+26.73000E-03,+195.97987E-03,-271.71482E-03
+26.78000E-03,+95.47736E-03,-283.77512E-03
+26.83000E-03,+82.91455E-03,-283.77512E-03
+26.88000E-03,+95.47736E-03,-283.02135E-03
+26.93000E-03,+82.91455E-03,-271.71482E-03
+26.98000E-03,+82.91455E-03,-271.71482E-03
+27.03000E-03,+195.97987E-03,-289.80527E-03
+27.08000E-03,+82.91455E-03,-283.77512E-03
+27.13000E-03,+82.91455E-03,-271.71482E-03
+27.18000E-03,+95.47736E-03,-271.71482E-03
+27.23000E-03,+82.91455E-03,-271.71482E-03
+27.28000E-03,+82.91455E-03,-270.96105E-03
+27.33000E-03,+82.91455E-03,-259.65452E-03
+27.38000E-03,+283.91957E-03,-271.71482E-03
+27.43000E-03,+82.91455E-03,-259.65452E-03
+27.48000E-03,+82.91455E-03,-259.65452E-03
+27.53000E-03,+82.91455E-03,-253.62437E-03
+27.58000E-03,+82.91455E-03,-247.59422E-03
+27.63000E-03,+183.41706E-03,-252.87060E-03
+27.68000E-03,+82.91455E-03,-258.90075E-03
+27.73000E-03,+183.41706E-03,-253.62437E-03
+27.78000E-03,+82.91455E-03,-247.59422E-03
+27.83000E-03,+183.41706E-03,-247.59422E-03
+27.88000E-03,+82.91455E-03,-246.84045E-03
+27.93000E-03,+82.91455E-03,-241.56407E-03
+27.98000E-03,+95.47736E-03,-247.59422E-03
+28.03000E-03,+82.91455E-03,-247.59422E-03
+28.08000E-03,+82.91455E-03,-247.59422E-03
+28.13000E-03,+183.41706E-03,-235.53392E-03
+28.18000E-03,+82.91455E-03,-246.84045E-03
+28.23000E-03,+183.41706E-03,-247.59422E-03
+28.28000E-03,+95.47736E-03,-247.59422E-03
+28.33000E-03,+82.91455E-03,-247.59422E-03
+28.38000E-03,+82.91455E-03,-247.59422E-03
+28.43000E-03,+82.91455E-03,-252.87060E-03
+28.48000E-03,+82.91455E-03,-247.59422E-03
+28.53000E-03,+82.91455E-03,-247.59422E-03
+28.58000E-03,+82.91455E-03,-258.90075E-03
+28.63000E-03,+183.41706E-03,-259.65452E-03
+28.68000E-03,+82.91455E-03,-259.65452E-03
+28.73000E-03,+82.91455E-03,-247.59422E-03
+28.78000E-03,+95.47736E-03,-259.65452E-03
+28.83000E-03,+82.91455E-03,-259.65452E-03
+28.88000E-03,+283.91957E-03,-259.65452E-03
+28.93000E-03,+82.91455E-03,-271.71482E-03
+28.98000E-03,+82.91455E-03,-271.71482E-03
+29.03000E-03,+283.91957E-03,-271.71482E-03
+29.08000E-03,+283.91957E-03,-259.65452E-03
+29.13000E-03,+195.97987E-03,-271.71482E-03
+29.18000E-03,+283.91957E-03,-283.02135E-03
+29.23000E-03,+195.97987E-03,-271.71482E-03
+29.28000E-03,+283.91957E-03,-283.02135E-03
+29.33000E-03,+82.91455E-03,-271.71482E-03
+29.38000E-03,+82.91455E-03,-271.71482E-03
+29.43000E-03,+283.91957E-03,-271.71482E-03
+29.48000E-03,+283.91957E-03,-270.96105E-03
+29.53000E-03,+82.91455E-03,-271.71482E-03
+29.58000E-03,+95.47736E-03,-271.71482E-03
+29.63000E-03,+82.91455E-03,-271.71482E-03
+29.68000E-03,+95.47736E-03,-259.65452E-03
+29.73000E-03,+82.91455E-03,-264.93090E-03
+29.78000E-03,+283.91957E-03,-270.96105E-03
+29.83000E-03,+82.91455E-03,-253.62437E-03
+29.88000E-03,+82.91455E-03,-259.65452E-03
+29.93000E-03,+82.91455E-03,-259.65452E-03
+29.98000E-03,+283.91957E-03,-259.65452E-03
+30.03000E-03,+82.91455E-03,-259.65452E-03
+30.08000E-03,+82.91455E-03,-247.59422E-03
+30.13000E-03,+283.91957E-03,-259.65452E-03
+30.18000E-03,+95.47736E-03,-247.59422E-03
+30.23000E-03,+283.91957E-03,-259.65452E-03
+30.28000E-03,+283.91957E-03,-247.59422E-03
+30.33000E-03,+195.97987E-03,-247.59422E-03
+30.38000E-03,+95.47736E-03,-247.59422E-03
+30.43000E-03,+82.91455E-03,-259.65452E-03
+30.48000E-03,+283.91957E-03,-247.59422E-03
+30.53000E-03,+82.91455E-03,-253.62437E-03
+30.58000E-03,+283.91957E-03,-247.59422E-03
+30.63000E-03,+82.91455E-03,-253.62437E-03
+30.68000E-03,+283.91957E-03,-258.90075E-03
+30.73000E-03,+82.91455E-03,-253.62437E-03
+30.78000E-03,+82.91455E-03,-259.65452E-03
+30.83000E-03,+82.91455E-03,-259.65452E-03
+30.88000E-03,+95.47736E-03,-259.65452E-03
+30.93000E-03,+283.91957E-03,-259.65452E-03
+30.98000E-03,+82.91455E-03,-259.65452E-03
+31.03000E-03,+82.91455E-03,-259.65452E-03
+31.08000E-03,+95.47736E-03,-259.65452E-03
+31.13000E-03,+183.41706E-03,-259.65452E-03
+31.18000E-03,+82.91455E-03,-259.65452E-03
+31.23000E-03,+82.91455E-03,-271.71482E-03
+31.28000E-03,+283.91957E-03,-271.71482E-03
+31.33000E-03,+82.91455E-03,-259.65452E-03
+31.38000E-03,+283.91957E-03,-271.71482E-03
+31.43000E-03,+82.91455E-03,-271.71482E-03
+31.48000E-03,+82.91455E-03,-259.65452E-03
+31.53000E-03,+82.91455E-03,-271.71482E-03
+31.58000E-03,+82.91455E-03,-259.65452E-03
+31.63000E-03,+283.91957E-03,-271.71482E-03
+31.68000E-03,+82.91455E-03,-259.65452E-03
+31.73000E-03,+195.97987E-03,-264.93090E-03
+31.78000E-03,+82.91455E-03,-259.65452E-03
+31.83000E-03,+283.91957E-03,-271.71482E-03
+31.88000E-03,+283.91957E-03,-259.65452E-03
+31.93000E-03,+82.91455E-03,-259.65452E-03
+31.98000E-03,+95.47736E-03,-270.96105E-03
+32.03000E-03,+183.41706E-03,-259.65452E-03
+32.08000E-03,+82.91455E-03,-259.65452E-03
+32.13000E-03,+82.91455E-03,-259.65452E-03
+32.18000E-03,+82.91455E-03,-259.65452E-03
+32.23000E-03,+82.91455E-03,-259.65452E-03
+32.28000E-03,+82.91455E-03,-270.96105E-03
+32.33000E-03,+283.91957E-03,-252.87060E-03
+32.38000E-03,+95.47736E-03,-259.65452E-03
+32.43000E-03,+82.91455E-03,-253.62437E-03
+32.48000E-03,+82.91455E-03,-259.65452E-03
+32.53000E-03,+195.97987E-03,-259.65452E-03
+32.58000E-03,+283.91957E-03,-259.65452E-03
+32.63000E-03,+183.41706E-03,-259.65452E-03
+32.68000E-03,+283.91957E-03,-247.59422E-03
+32.73000E-03,+82.91455E-03,-252.87060E-03
+32.78000E-03,+82.91455E-03,-247.59422E-03
+32.83000E-03,+183.41706E-03,-259.65452E-03
+32.88000E-03,+82.91455E-03,-259.65452E-03
+32.93000E-03,+195.97987E-03,-259.65452E-03
+32.98000E-03,+283.91957E-03,-259.65452E-03
+33.03000E-03,+82.91455E-03,-259.65452E-03
+33.08000E-03,+95.47736E-03,-258.90075E-03
+33.13000E-03,+183.41706E-03,-259.65452E-03
+33.18000E-03,+283.91957E-03,-247.59422E-03
+33.23000E-03,+82.91455E-03,-253.62437E-03
+33.28000E-03,+82.91455E-03,-259.65452E-03
+33.33000E-03,+195.97987E-03,-252.87060E-03
+33.38000E-03,+95.47736E-03,-259.65452E-03
+33.43000E-03,+82.91455E-03,-253.62437E-03
+33.48000E-03,+82.91455E-03,-259.65452E-03
+33.53000E-03,+82.91455E-03,-259.65452E-03
+33.58000E-03,+95.47736E-03,-271.71482E-03
+33.63000E-03,+195.97987E-03,-271.71482E-03
+33.68000E-03,+82.91455E-03,-259.65452E-03
+33.73000E-03,+82.91455E-03,-271.71482E-03
+33.78000E-03,+82.91455E-03,-259.65452E-03
+33.83000E-03,+82.91455E-03,-259.65452E-03
+33.88000E-03,+283.91957E-03,-270.96105E-03
+33.93000E-03,+82.91455E-03,-271.71482E-03
+33.98000E-03,+283.91957E-03,-259.65452E-03
+34.03000E-03,+195.97987E-03,-259.65452E-03
+34.08000E-03,+82.91455E-03,-259.65452E-03
+34.13000E-03,+183.41706E-03,-271.71482E-03
+34.18000E-03,+82.91455E-03,-270.96105E-03
+34.23000E-03,+82.91455E-03,-264.93090E-03
+34.28000E-03,+82.91455E-03,-259.65452E-03
+34.33000E-03,+82.91455E-03,-271.71482E-03
+34.38000E-03,+82.91455E-03,-259.65452E-03
+34.43000E-03,+82.91455E-03,-264.93090E-03
+34.48000E-03,+95.47736E-03,-259.65452E-03
+34.53000E-03,+183.41706E-03,-264.93090E-03
+34.58000E-03,+82.91455E-03,-247.59422E-03
+34.63000E-03,+183.41706E-03,-259.65452E-03
+34.68000E-03,+82.91455E-03,-270.96105E-03
+34.73000E-03,+183.41706E-03,-265.68467E-03
+34.78000E-03,+283.91957E-03,-247.59422E-03
+34.83000E-03,+82.91455E-03,-259.65452E-03
+34.88000E-03,+82.91455E-03,-259.65452E-03
+34.93000E-03,+82.91455E-03,-259.65452E-03
+34.98000E-03,+82.91455E-03,-259.65452E-03
+35.03000E-03,+183.41706E-03,-259.65452E-03
+35.08000E-03,+82.91455E-03,-258.90075E-03
+35.13000E-03,+82.91455E-03,-259.65452E-03
+35.18000E-03,+283.91957E-03,-259.65452E-03
+35.23000E-03,+82.91455E-03,-253.62437E-03
+35.28000E-03,+283.91957E-03,-259.65452E-03
+35.33000E-03,+82.91455E-03,-259.65452E-03
+35.38000E-03,+82.91455E-03,-258.90075E-03
+35.43000E-03,+82.91455E-03,-259.65452E-03
+35.48000E-03,+82.91455E-03,-247.59422E-03
+35.53000E-03,+183.41706E-03,-265.68467E-03
+35.58000E-03,+82.91455E-03,-259.65452E-03
+35.63000E-03,+82.91455E-03,-259.65452E-03
+35.68000E-03,+95.47736E-03,-247.59422E-03
+35.73000E-03,+82.91455E-03,-253.62437E-03
+35.78000E-03,+82.91455E-03,-259.65452E-03
+35.83000E-03,+82.91455E-03,-259.65452E-03
+35.88000E-03,+82.91455E-03,-259.65452E-03
+35.93000E-03,+183.41706E-03,-259.65452E-03
+35.98000E-03,+82.91455E-03,-270.96105E-03
+36.03000E-03,+195.97987E-03,-253.62437E-03
+36.08000E-03,+82.91455E-03,-259.65452E-03
+36.13000E-03,+82.91455E-03,-264.93090E-03
+36.18000E-03,+283.91957E-03,-259.65452E-03
+36.23000E-03,+183.41706E-03,-271.71482E-03
+36.28000E-03,+95.47736E-03,-270.96105E-03
+36.33000E-03,+82.91455E-03,-264.93090E-03
+36.38000E-03,+95.47736E-03,-259.65452E-03
+36.43000E-03,+82.91455E-03,-271.71482E-03
+36.48000E-03,+82.91455E-03,-270.96105E-03
+36.53000E-03,+183.41706E-03,-265.68467E-03
+36.58000E-03,+82.91455E-03,-270.96105E-03
+36.63000E-03,+195.97987E-03,-271.71482E-03
+36.68000E-03,+82.91455E-03,-259.65452E-03
+36.73000E-03,+183.41706E-03,-264.93090E-03
+36.78000E-03,+82.91455E-03,-259.65452E-03
+36.83000E-03,+82.91455E-03,-259.65452E-03
+36.88000E-03,+283.91957E-03,-271.71482E-03
+36.93000E-03,+195.97987E-03,-265.68467E-03
+36.98000E-03,+82.91455E-03,-259.65452E-03
+37.03000E-03,+283.91957E-03,-259.65452E-03
+37.08000E-03,+82.91455E-03,-259.65452E-03
+37.13000E-03,+82.91455E-03,-259.65452E-03
+37.18000E-03,+283.91957E-03,-247.59422E-03
+37.23000E-03,+82.91455E-03,-259.65452E-03
+37.28000E-03,+82.91455E-03,-259.65452E-03
+37.33000E-03,+195.97987E-03,-259.65452E-03
+37.38000E-03,+283.91957E-03,-259.65452E-03
+37.43000E-03,+283.91957E-03,-259.65452E-03
+37.48000E-03,+95.47736E-03,-259.65452E-03
+37.53000E-03,+82.91455E-03,-259.65452E-03
+37.58000E-03,+283.91957E-03,-247.59422E-03
+37.63000E-03,+183.41706E-03,-253.62437E-03
+37.68000E-03,+95.47736E-03,-259.65452E-03
+37.73000E-03,+283.91957E-03,-259.65452E-03
+37.78000E-03,+82.91455E-03,-259.65452E-03
+37.83000E-03,+183.41706E-03,-259.65452E-03
+37.88000E-03,+95.47736E-03,-258.90075E-03
+37.93000E-03,+82.91455E-03,-259.65452E-03
+37.98000E-03,+95.47736E-03,-259.65452E-03
+38.03000E-03,+283.91957E-03,-259.65452E-03
+38.08000E-03,+82.91455E-03,-270.96105E-03
+38.13000E-03,+82.91455E-03,-259.65452E-03
+38.18000E-03,+82.91455E-03,-259.65452E-03
+38.23000E-03,+283.91957E-03,-265.68467E-03
+38.28000E-03,+95.47736E-03,-259.65452E-03
+38.33000E-03,+82.91455E-03,-259.65452E-03
+38.38000E-03,+82.91455E-03,-259.65452E-03
+38.43000E-03,+82.91455E-03,-264.93090E-03
+38.48000E-03,+95.47736E-03,-259.65452E-03
+38.53000E-03,+183.41706E-03,-265.68467E-03
+38.58000E-03,+82.91455E-03,-259.65452E-03
+38.63000E-03,+283.91957E-03,-271.71482E-03
+38.68000E-03,+82.91455E-03,-270.96105E-03
+38.73000E-03,+82.91455E-03,-259.65452E-03
+38.78000E-03,+82.91455E-03,-270.96105E-03
+38.83000E-03,+195.97987E-03,-265.68467E-03
+38.88000E-03,+283.91957E-03,-270.96105E-03
+38.93000E-03,+183.41706E-03,-271.71482E-03
+38.98000E-03,+283.91957E-03,-259.65452E-03
+39.03000E-03,+82.91455E-03,-265.68467E-03
+39.08000E-03,+283.91957E-03,-259.65452E-03
+39.13000E-03,+82.91455E-03,-259.65452E-03
+39.18000E-03,+82.91455E-03,-259.65452E-03
+39.23000E-03,+195.97987E-03,-259.65452E-03
+39.28000E-03,+82.91455E-03,-271.71482E-03
+39.33000E-03,+195.97987E-03,-259.65452E-03
+39.38000E-03,+82.91455E-03,-259.65452E-03
+39.43000E-03,+183.41706E-03,-259.65452E-03
+39.48000E-03,+82.91455E-03,-271.71482E-03
+39.53000E-03,+183.41706E-03,-259.65452E-03
+39.58000E-03,+82.91455E-03,-270.96105E-03
+39.63000E-03,+82.91455E-03,-265.68467E-03
+39.68000E-03,+283.91957E-03,-259.65452E-03
+39.73000E-03,+82.91455E-03,-264.93090E-03
+39.78000E-03,+283.91957E-03,-259.65452E-03
+39.83000E-03,+82.91455E-03,-265.68467E-03
+39.88000E-03,+82.91455E-03,-259.65452E-03
+39.93000E-03,+183.41706E-03,-265.68467E-03
+39.98000E-03,+95.47736E-03,-270.96105E-03
+40.03000E-03,+183.41706E-03,-271.71482E-03
+40.08000E-03,+82.91455E-03,-259.65452E-03
+40.13000E-03,+82.91455E-03,-271.71482E-03
+40.18000E-03,+283.91957E-03,-270.96105E-03
+40.23000E-03,+195.97987E-03,-264.93090E-03
+40.28000E-03,+283.91957E-03,-270.96105E-03
+40.33000E-03,+82.91455E-03,-265.68467E-03
+40.38000E-03,+283.91957E-03,-271.71482E-03
+40.43000E-03,+82.91455E-03,-264.93090E-03
+40.48000E-03,+82.91455E-03,-271.71482E-03
+40.53000E-03,+183.41706E-03,-259.65452E-03
+40.58000E-03,+95.47736E-03,-270.96105E-03
+40.63000E-03,+183.41706E-03,-259.65452E-03
+40.68000E-03,+283.91957E-03,-270.96105E-03
+40.73000E-03,+82.91455E-03,-265.68467E-03
+40.78000E-03,+95.47736E-03,-259.65452E-03
+40.83000E-03,+195.97987E-03,-264.93090E-03
+40.88000E-03,+283.91957E-03,-259.65452E-03
+40.93000E-03,+195.97987E-03,-265.68467E-03
+40.98000E-03,+82.91455E-03,-259.65452E-03
+41.03000E-03,+82.91455E-03,-271.71482E-03
+41.08000E-03,+82.91455E-03,-259.65452E-03
+41.13000E-03,+82.91455E-03,-271.71482E-03
+41.18000E-03,+95.47736E-03,-271.71482E-03
+41.23000E-03,+183.41706E-03,-265.68467E-03
+41.28000E-03,+82.91455E-03,-259.65452E-03
+41.33000E-03,+82.91455E-03,-265.68467E-03
+41.38000E-03,+283.91957E-03,-259.65452E-03
+41.43000E-03,+82.91455E-03,-271.71482E-03
+41.48000E-03,+283.91957E-03,-259.65452E-03
+41.53000E-03,+183.41706E-03,-265.68467E-03
+41.58000E-03,+82.91455E-03,-259.65452E-03
+41.63000E-03,+183.41706E-03,-264.93090E-03
+41.68000E-03,+82.91455E-03,-259.65452E-03
+41.73000E-03,+82.91455E-03,-259.65452E-03
+41.78000E-03,+283.91957E-03,-271.71482E-03
+41.83000E-03,+82.91455E-03,-264.93090E-03
+41.88000E-03,+82.91455E-03,-270.96105E-03
+41.93000E-03,+82.91455E-03,-264.93090E-03
+41.98000E-03,+283.91957E-03,-270.96105E-03
+42.03000E-03,+82.91455E-03,-264.93090E-03
+42.08000E-03,+82.91455E-03,-259.65452E-03
+42.13000E-03,+283.91957E-03,-259.65452E-03
+42.18000E-03,+283.91957E-03,-259.65452E-03
+42.23000E-03,+82.91455E-03,-265.68467E-03
+42.28000E-03,+283.91957E-03,-259.65452E-03
+42.33000E-03,+183.41706E-03,-259.65452E-03
+42.38000E-03,+283.91957E-03,-259.65452E-03
+42.43000E-03,+82.91455E-03,-265.68467E-03
+42.48000E-03,+82.91455E-03,-259.65452E-03
+42.53000E-03,+82.91455E-03,-264.93090E-03
+42.58000E-03,+95.47736E-03,-258.90075E-03
+42.63000E-03,+82.91455E-03,-271.71482E-03
+42.68000E-03,+82.91455E-03,-259.65452E-03
+42.73000E-03,+183.41706E-03,-259.65452E-03
+42.78000E-03,+95.47736E-03,-259.65452E-03
+42.83000E-03,+82.91455E-03,-271.71482E-03
+42.88000E-03,+283.91957E-03,-259.65452E-03
+42.93000E-03,+82.91455E-03,-271.71482E-03
+42.98000E-03,+283.91957E-03,-271.71482E-03
+43.03000E-03,+82.91455E-03,-271.71482E-03
+43.08000E-03,+95.47736E-03,-270.96105E-03
+43.13000E-03,+82.91455E-03,-264.93090E-03
+43.18000E-03,+82.91455E-03,-271.71482E-03
+43.23000E-03,+82.91455E-03,-271.71482E-03
+43.28000E-03,+82.91455E-03,-259.65452E-03
+43.33000E-03,+283.91957E-03,-265.68467E-03
+43.38000E-03,+82.91455E-03,-271.71482E-03
+43.43000E-03,+183.41706E-03,-265.68467E-03
+43.48000E-03,+95.47736E-03,-259.65452E-03
+43.53000E-03,+82.91455E-03,-265.68467E-03
+43.58000E-03,+283.91957E-03,-259.65452E-03
+43.63000E-03,+183.41706E-03,-271.71482E-03
+43.68000E-03,+82.91455E-03,-271.71482E-03
+43.73000E-03,+82.91455E-03,-271.71482E-03
+43.78000E-03,+95.47736E-03,-259.65452E-03
+43.83000E-03,+183.41706E-03,-271.71482E-03
+43.88000E-03,+283.91957E-03,-271.71482E-03
+43.93000E-03,+195.97987E-03,-264.93090E-03
+43.98000E-03,+82.91455E-03,-270.96105E-03
+44.03000E-03,+195.97987E-03,-271.71482E-03
+44.08000E-03,+82.91455E-03,-271.71482E-03
+44.13000E-03,+82.91455E-03,-271.71482E-03
+44.18000E-03,+95.47736E-03,-259.65452E-03
+44.23000E-03,+183.41706E-03,-259.65452E-03
+44.28000E-03,+95.47736E-03,-259.65452E-03
+44.33000E-03,+82.91455E-03,-259.65452E-03
+44.38000E-03,+283.91957E-03,-271.71482E-03
+44.43000E-03,+283.91957E-03,-271.71482E-03
+44.48000E-03,+283.91957E-03,-259.65452E-03
+44.53000E-03,+195.97987E-03,-265.68467E-03
+44.58000E-03,+95.47736E-03,-259.65452E-03
+44.63000E-03,+82.91455E-03,-265.68467E-03
+44.68000E-03,+82.91455E-03,-259.65452E-03
+44.73000E-03,+283.91957E-03,-264.93090E-03
+44.78000E-03,+82.91455E-03,-259.65452E-03
+44.83000E-03,+183.41706E-03,-265.68467E-03
+44.88000E-03,+283.91957E-03,-259.65452E-03
+44.93000E-03,+183.41706E-03,-264.93090E-03
+44.98000E-03,+283.91957E-03,-259.65452E-03
+45.03000E-03,+283.91957E-03,-271.71482E-03
+45.08000E-03,+82.91455E-03,-271.71482E-03
+45.13000E-03,+82.91455E-03,-265.68467E-03
+45.18000E-03,+283.91957E-03,-271.71482E-03
+45.23000E-03,+82.91455E-03,-271.71482E-03
+45.28000E-03,+82.91455E-03,-271.71482E-03
+45.33000E-03,+183.41706E-03,-264.93090E-03
+45.38000E-03,+82.91455E-03,-271.71482E-03
+45.43000E-03,+183.41706E-03,-264.93090E-03
+45.48000E-03,+283.91957E-03,-271.71482E-03
+45.53000E-03,+283.91957E-03,-271.71482E-03
+45.58000E-03,+82.91455E-03,-259.65452E-03
+45.63000E-03,+82.91455E-03,-265.68467E-03
+45.68000E-03,+82.91455E-03,-271.71482E-03
+45.73000E-03,+82.91455E-03,-264.93090E-03
+45.78000E-03,+82.91455E-03,-271.71482E-03
+45.83000E-03,+195.97987E-03,-271.71482E-03
+45.88000E-03,+82.91455E-03,-270.96105E-03
+45.93000E-03,+82.91455E-03,-264.93090E-03
+45.98000E-03,+283.91957E-03,-259.65452E-03
+46.03000E-03,+195.97987E-03,-271.71482E-03
+46.08000E-03,+95.47736E-03,-259.65452E-03
+46.13000E-03,+195.97987E-03,-264.93090E-03
+46.18000E-03,+82.91455E-03,-271.71482E-03
+46.23000E-03,+195.97987E-03,-259.65452E-03
+46.28000E-03,+95.47736E-03,-259.65452E-03
+46.33000E-03,+183.41706E-03,-259.65452E-03
+46.38000E-03,+82.91455E-03,-259.65452E-03
+46.43000E-03,+82.91455E-03,-259.65452E-03
+46.48000E-03,+82.91455E-03,-271.71482E-03
+46.53000E-03,+183.41706E-03,-271.71482E-03
+46.58000E-03,+95.47736E-03,-271.71482E-03
+46.63000E-03,+195.97987E-03,-259.65452E-03
+46.68000E-03,+82.91455E-03,-259.65452E-03
+46.73000E-03,+183.41706E-03,-271.71482E-03
+46.78000E-03,+82.91455E-03,-270.96105E-03
+46.83000E-03,+82.91455E-03,-271.71482E-03
+46.88000E-03,+82.91455E-03,-259.65452E-03
+46.93000E-03,+82.91455E-03,-259.65452E-03
+46.98000E-03,+95.47736E-03,-271.71482E-03
+47.03000E-03,+283.91957E-03,-259.65452E-03
+47.08000E-03,+283.91957E-03,-271.71482E-03
+47.13000E-03,+283.91957E-03,-264.93090E-03
+47.18000E-03,+82.91455E-03,-270.96105E-03
+47.23000E-03,+195.97987E-03,-265.68467E-03
+47.28000E-03,+82.91455E-03,-270.96105E-03
+47.33000E-03,+283.91957E-03,-265.68467E-03
+47.38000E-03,+82.91455E-03,-259.65452E-03
+47.43000E-03,+82.91455E-03,-271.71482E-03
+47.48000E-03,+283.91957E-03,-271.71482E-03
+47.53000E-03,+183.41706E-03,-276.99120E-03
+47.58000E-03,+95.47736E-03,-259.65452E-03
+47.63000E-03,+283.91957E-03,-259.65452E-03
+47.68000E-03,+95.47736E-03,-259.65452E-03
+47.73000E-03,+183.41706E-03,-264.93090E-03
+47.78000E-03,+82.91455E-03,-271.71482E-03
+47.83000E-03,+82.91455E-03,-265.68467E-03
+47.88000E-03,+82.91455E-03,-259.65452E-03
+47.93000E-03,+82.91455E-03,-264.93090E-03
+47.98000E-03,+82.91455E-03,-259.65452E-03
+48.03000E-03,+82.91455E-03,-271.71482E-03
+48.08000E-03,+82.91455E-03,-271.71482E-03
+48.13000E-03,+195.97987E-03,-259.65452E-03
+48.18000E-03,+82.91455E-03,-259.65452E-03
+48.23000E-03,+283.91957E-03,-259.65452E-03
+48.28000E-03,+82.91455E-03,-259.65452E-03
+48.33000E-03,+82.91455E-03,-264.93090E-03
+48.38000E-03,+95.47736E-03,-259.65452E-03
+48.43000E-03,+82.91455E-03,-259.65452E-03
+48.48000E-03,+82.91455E-03,-259.65452E-03
+48.53000E-03,+82.91455E-03,-271.71482E-03
+48.58000E-03,+95.47736E-03,-271.71482E-03
+48.63000E-03,+82.91455E-03,-271.71482E-03
+48.68000E-03,+82.91455E-03,-270.96105E-03
+48.73000E-03,+183.41706E-03,-264.93090E-03
+48.78000E-03,+283.91957E-03,-259.65452E-03
+48.83000E-03,+82.91455E-03,-271.71482E-03
+48.88000E-03,+95.47736E-03,-270.96105E-03
+48.93000E-03,+82.91455E-03,-271.71482E-03
+48.98000E-03,+82.91455E-03,-270.96105E-03
+49.03000E-03,+195.97987E-03,-259.65452E-03
+49.08000E-03,+82.91455E-03,-259.65452E-03
+49.13000E-03,+183.41706E-03,-259.65452E-03
+49.18000E-03,+82.91455E-03,-259.65452E-03
+49.23000E-03,+82.91455E-03,-264.93090E-03
+49.28000E-03,+82.91455E-03,-270.96105E-03
+49.33000E-03,+82.91455E-03,-259.65452E-03
+49.38000E-03,+82.91455E-03,-270.96105E-03
+49.43000E-03,+183.41706E-03,-265.68467E-03
+49.48000E-03,+82.91455E-03,-271.71482E-03
+49.53000E-03,+82.91455E-03,-264.93090E-03
+49.58000E-03,+82.91455E-03,-259.65452E-03
+49.63000E-03,+283.91957E-03,-259.65452E-03
+49.68000E-03,+82.91455E-03,-259.65452E-03
+49.73000E-03,+82.91455E-03,-259.65452E-03
+49.78000E-03,+82.91455E-03,-270.96105E-03
+49.83000E-03,+82.91455E-03,-271.71482E-03
+49.88000E-03,+82.91455E-03,-271.71482E-03
+49.93000E-03,+183.41706E-03,-271.71482E-03
